date,actual_deaths,total_deaths,predicted_deaths_mean,predicted_deaths_lower,predicted_deaths_upper,predicted_total_deaths_mean,predicted_total_deaths_lower,predicted_total_deaths_upper,predicted_new_infected_mean,predicted_new_infected_lower,predicted_new_infected_upper,predicted_current_infected_mean,predicted_current_infected_lower,predicted_current_infected_upper,predicted_total_infected_mean,predicted_total_infected_lower,predicted_total_infected_upper,r_values_mean
2020-03-04,,,,,,,,,121,50,150,121,50,150,121,50,150,1.74147952536
2020-03-05,,,,,,,,,121,50,150,242,100,300,242,100,300,1.73458139843
2020-03-06,,,,,,,,,121,50,150,363,150,450,363,150,450,1.73305188215
2020-03-07,,,,,,,,,121,50,150,484,200,600,484,200,600,1.73118188374
2020-03-08,,,,,,,,,121,50,150,605,250,750,605,250,750,1.728894584
2020-03-09,,,,,,,,,121,50,150,726,300,900,726,300,900,1.72609510354
2020-03-10,,,,,,,,,121,50,150,847,350,1050,847,350,1050,1.72266580471
2020-03-11,,,,,,,,,121,50,150,968,400,1200,968,400,1200,1.71846017383
2020-03-12,,,,,,,,,121,50,150,1089,450,1350,1089,450,1350,1.71329487407
2020-03-13,,,,,,,,,320,149,446,1410,599,1796,1410,599,1796,1.70693960834
2020-03-14,,,,,,,,,318,149,442,1728,749,2238,1728,749,2238,1.69910478939
2020-03-15,,,,,,,,,332,158,467,2060,907,2704,2060,907,2704,1.68942807105
2020-03-16,,,,,,,,,362,177,517,2422,1085,3220,2422,1085,3220,1.67746316631
2020-03-17,,,,,,,,,425,217,620,2848,1303,3840,2848,1303,3840,1.66267867108
2020-03-18,,,,,,,,,522,280,774,3370,1584,4613,3370,1584,4613,1.64448044368
2020-03-19,,,,,,,,,592,330,877,3841,1864,5340,3962,1914,5490,1.62227497364
2020-03-20,,,,,,,,,648,375,948,4368,2190,6137,4610,2290,6437,1.59558468304
2020-03-21,,,,,,,,,709,431,1032,4956,2571,7018,5319,2721,7468,1.56420011203
2020-03-22,,,,,,,,,778,499,1117,5613,3021,7985,6097,3221,8585,1.52831459284
2020-03-23,,,,,,,,,858,563,1219,6350,3535,9054,6955,3785,9804,1.48856851482
2020-03-24,,,,,,,,,933,620,1300,7162,4105,10203,7888,4405,11103,1.44596698459
2020-03-25,,,,,,,,,998,697,1344,8038,4753,11397,8885,5103,12447,1.40170680118
2020-03-26,,,,,,,,,1057,744,1376,8974,5448,12622,9942,5848,13822,1.35699331117
2020-03-27,,,,,,,,,1113,799,1446,9966,6197,13918,11055,6647,15268,1.31291428454
2020-03-28,2,2,,,,,,,1169,842,1523,10815,6890,14995,12225,7489,16790,1.27039055544
2020-03-29,1,3,,,,,,,1220,888,1575,11717,7629,16127,13445,8378,18365,1.23018097553
2020-03-30,1,4,,,,,,,1264,916,1625,12649,8386,17286,14709,9294,19990,1.19290406051
2020-03-31,4,8,,,,,,,1302,941,1669,13589,9149,18438,16012,10235,21658,1.15904740329
2020-04-01,2,10,,,,,,,1335,976,1701,14499,9908,19520,17347,11211,23359,1.12895358544
2020-04-02,2,12,,,,,,,1365,1018,1726,15342,10646,20472,18712,12230,25084,1.10278925065
2020-04-03,2,14,,,,,,,1391,1054,1745,16141,11370,21339,20103,13285,26829,1.08051931523
2020-04-04,3,17,,,,,,,1414,1068,1781,16907,12063,22173,21517,14353,28609,1.06191240044
2020-04-05,8,25,,,,,,,1434,1081,1812,17632,12712,22953,22951,15434,30421,1.04658755697
2020-04-06,2,27,,,,,,,1451,1093,1815,18305,13306,23651,24402,16528,32235,1.03408631436
2020-04-07,3,30,,,,,,,1466,1113,1838,18913,13855,24269,25868,17641,34073,1.02394183956
2020-04-08,5,35,,,,,,,1479,1134,1845,19459,14369,24814,27347,18775,35917,1.01572597984
2020-04-09,8,43,,,,,,,1491,1154,1853,19952,14826,25323,28837,19930,37770,1.00907118232
2020-04-10,0,43,,,,,,,1501,1174,1858,20396,15256,25805,30338,21104,39627,1.00367418755
2020-04-11,13,56,,,,,,,1509,1192,1862,20792,15649,26221,31848,22297,41488,0.999290083014
2020-04-12,7,63,,,,,,,1517,1210,1866,21140,16017,26564,33365,23507,43354,0.995722927399
2020-04-13,0,63,,,,,,,1524,1227,1873,21443,16357,26863,34888,24735,45227,0.99281628917
2020-04-14,17,80,,,,,,,1529,1244,1881,21708,16685,27118,36417,25979,47107,0.990445054251
2020-04-15,0,80,,,,,,,1534,1248,1886,21940,16992,27335,37951,27228,48993,0.988508805102
2020-04-16,7,87,,,,,,,1538,1250,1888,22142,17266,27523,39489,28478,50881,0.98692663166
2020-04-17,31,118,,,,,,,1541,1251,1889,22319,17499,27686,41030,29729,52770,0.985633106646
2020-04-18,19,137,,,,,,,1544,1261,1895,22471,17706,27836,42574,30991,54664,0.984575162115
2020-04-19,13,150,,,,,,,1545,1268,1897,22602,17907,27952,44119,32260,56561,0.983709650742
2020-04-20,5,155,,,,,,,1547,1271,1903,22715,18098,28043,45666,33532,58464,0.983001426265
2020-04-21,16,171,,,,,,,1547,1271,1906,22811,18275,28135,47213,34803,60369,0.982421820157
2020-04-22,10,181,,,,,,,1547,1269,1909,22893,18432,28206,48760,36073,62278,0.981947423929
2020-04-23,8,189,,,,,,,1547,1267,1909,22960,18566,28270,50307,37341,64187,0.981396640181
2020-04-24,13,202,,,,,,,1546,1255,1909,23015,18666,28327,51853,38596,66096,0.980971863455
2020-04-25,13,215,,,,,,,1544,1255,1909,23058,18747,28377,53397,39851,68004,0.980588671935
2020-04-26,11,226,,,,,,,1542,1246,1903,23091,18801,28419,54938,41098,69907,0.980269066476
2020-04-27,7,233,,,,,,,1539,1237,1902,23113,18827,28456,56478,42335,71809,0.980001566212
2020-04-28,6,239,,,,,,,1536,1230,1900,23125,18830,28483,58014,43566,73709,0.979807996761
2020-04-29,12,251,,,,,,,1533,1225,1898,23129,18811,28499,59546,44791,75606,0.979808957543
2020-04-30,15,266,,,,,,,1529,1220,1894,23124,18783,28507,61075,46011,77499,0.979810390825
2020-05-01,13,279,,,,,,,1525,1212,1889,23110,18745,28507,62600,47224,79387,0.979812528951
2020-05-02,17,296,,,,,,,1520,1195,1883,23089,18689,28501,64120,48419,81270,0.979815718482
2020-05-03,24,320,,,,,,,1515,1184,1878,23060,18611,28484,65634,49603,83147,0.979820476309
2020-05-04,21,341,,,,,,,1509,1168,1872,23024,18511,28459,67143,50772,85019,0.979827573274
2020-05-05,14,355,,,,,,,1503,1155,1866,22981,18395,28421,68647,51928,86884,0.979838158746
2020-05-06,15,370,,,,,,,1497,1136,1863,22931,18260,28378,70144,53064,88747,0.979853946066
2020-05-07,18,388,,,,,,,1490,1117,1860,22874,18108,28329,71634,54181,90606,0.979877488303
2020-05-08,11,399,,,,,,,1483,1106,1856,22810,17946,28275,73117,55288,92461,0.979912587678
2020-05-09,19,418,,,,,,,1476,1095,1851,22740,17787,28217,74593,56384,94312,0.979964901961
2020-05-10,4,422,,,,,,,1468,1085,1846,22665,17617,28154,76061,57469,96157,0.980042839437
2020-05-11,8,430,,,,,,,1460,1074,1840,22583,17445,28090,77521,58543,97997,0.980158872601
2020-05-12,14,444,,,,,,,1452,1059,1834,22495,17267,28022,78973,59603,99830,0.980331450777
2020-05-13,18,462,,,,,,,1443,1039,1826,22403,17076,27948,80416,60642,101656,0.980587749924
2020-05-14,6,468,,,,,,,1435,1020,1817,22305,16871,27868,81851,61662,103473,0.980967549668
2020-05-15,11,479,,,,,,,1426,1001,1809,22201,16652,27783,83277,62664,105281,0.981528532478
2020-05-16,10,489,,,,,,,1417,983,1800,22094,16424,27694,84694,63648,107081,0.982353163265
2020-05-17,10,499,,,,,,,1409,967,1790,21983,16196,27601,86103,64615,108870,0.983556835489
2020-05-18,7,506,,,,,,,1401,952,1782,21869,15963,27505,87503,65567,110652,0.985295820015
2020-05-19,26,532,,,,,,,1394,938,1776,21754,15733,27408,88897,66506,112427,0.987771260908
2020-05-20,6,538,,,,,,,1388,928,1772,21639,15506,27314,90286,67434,114198,0.99122177535
2020-05-21,18,556,,,,,,,1384,921,1773,21526,15290,27224,91670,68355,115971,0.995893175035
2020-05-22,23,579,,,,,,,1382,916,1769,21418,15090,27134,93052,69271,117740,1.00197378059
2020-05-23,18,597,,,,,,,1383,899,1775,21318,14883,27053,94435,70171,119514,1.00949632448
2020-05-24,11,608,,,,,,,1386,900,1790,21227,14687,26992,95820,71072,121304,1.01823860931
2020-05-25,0,608,,,,,,,1391,908,1803,21150,14511,26949,97211,71980,123106,1.02768965192
2020-05-26,26,634,,,,,,,1394,912,1814,21084,14349,26923,98605,72893,124919,1.03481880461
2020-05-27,21,655,,,,,,,1399,902,1835,21031,14193,26924,100004,73796,126754,1.04163875107
2020-05-28,22,677,,,,,,,1406,892,1859,20994,14045,26957,101410,74688,128613,1.04789169881
2020-05-29,16,693,,,,,,,1413,884,1886,20973,13910,27025,102824,75572,130498,1.05340552325
2020-05-30,18,711,,,,,,,1421,873,1914,20969,13781,27131,104245,76446,132411,1.05810287583
2020-05-31,7,718,,,,,,,1429,869,1942,20981,13667,27273,105674,77315,134353,1.06198857886
2020-06-01,2,720,,,,,,,1437,863,1972,21009,13563,27455,107112,78178,136325,1.06512536164
2020-06-02,12,732,,,,,,,1445,852,2003,21054,13464,27676,108557,79031,138327,1.06760804293
2020-06-03,10,742,,,,,,,1454,850,2034,21113,13375,27934,110011,79881,140361,1.06954247756
2020-06-04,14,756,,,,,,,1462,846,2065,21187,13293,28227,111473,80727,142425,1.07103141673
2020-06-05,,,12,8,15,768,764,771,1471,835,2096,21274,13208,28550,112944,81563,144521,
2020-06-06,,,12,8,15,779,772,786,1479,825,2127,21371,13116,28908,114423,82388,146647,
2020-06-07,,,11,7,15,791,780,800,1488,814,2159,21476,13031,29293,115911,83203,148806,
2020-06-08,,,11,7,15,802,788,815,1497,806,2192,21588,12937,29695,117408,84009,150998,
2020-06-09,,,11,7,15,813,795,829,1506,797,2225,21703,12826,30117,118914,84807,153222,
2020-06-10,,,11,7,14,824,803,843,1515,787,2257,21824,12701,30560,120429,85594,155479,
2020-06-11,,,11,7,14,835,810,857,1524,777,2289,21948,12576,31014,121952,86372,157767,
2020-06-12,,,11,7,14,846,817,870,1532,768,2321,22074,12452,31475,123485,87140,160088,
2020-06-13,,,11,7,14,856,824,884,1541,758,2352,22202,12326,31942,125026,87899,162439,
2020-06-14,,,11,6,14,867,831,898,1550,748,2385,22331,12201,32412,126576,88648,164823,
2020-06-15,,,11,6,14,877,838,911,1559,739,2417,22460,12071,32887,128135,89387,167240,
2020-06-16,,,11,6,14,888,845,925,1567,730,2448,22590,11939,33363,129702,90117,169688,
2020-06-17,,,11,6,14,898,852,939,1576,720,2479,22720,11807,33839,131278,90838,172166,
2020-06-18,,,11,6,14,909,858,953,1584,711,2510,22851,11668,34315,132862,91550,174675,
2020-06-19,,,11,6,15,919,865,967,1593,702,2540,22981,11525,34790,134454,92253,177215,
2020-06-20,,,11,6,15,930,872,981,1601,693,2569,23111,11383,35263,136055,92947,179783,
2020-06-21,,,11,6,15,941,878,995,1609,685,2599,23241,11243,35735,137664,93632,182382,
2020-06-22,,,11,6,15,951,885,1010,1617,676,2627,23370,11105,36203,139281,94309,185008,
2020-06-23,,,11,6,15,962,891,1025,1625,668,2655,23498,10967,36666,140906,94977,187663,
2020-06-24,,,11,6,16,973,898,1040,1633,659,2683,23624,10830,37124,142538,95637,190346,
2020-06-25,,,11,6,16,984,904,1055,1636,649,2703,23746,10692,37570,144175,96287,193048,
2020-06-26,,,11,6,16,995,910,1070,1639,639,2722,23861,10554,38003,145814,96927,195770,
2020-06-27,,,11,6,16,1006,917,1086,1642,629,2741,23971,10415,38423,147456,97556,198510,
2020-06-28,,,11,6,16,1017,923,1102,1645,618,2758,24075,10276,38829,149101,98175,201268,
2020-06-29,,,11,6,17,1028,929,1118,1646,608,2772,24171,10135,39216,150746,98783,204039,
2020-06-30,,,11,6,17,1040,935,1135,1645,596,2783,24257,9992,39583,152392,99380,206822,
2020-07-01,,,11,5,17,1051,941,1152,1644,585,2792,24334,9847,39926,154036,99965,209613,
2020-07-02,,,11,5,17,1062,947,1169,1642,574,2797,24400,9701,40244,155678,100540,212410,
2020-07-03,,,11,5,18,1074,953,1186,1638,563,2801,24454,9553,40536,157316,101103,215210,
2020-07-04,,,12,5,18,1085,958,1203,1634,553,2805,24496,9403,40801,158950,101657,218015,
2020-07-05,,,12,5,18,1097,964,1221,1629,542,2809,24524,9252,41041,160579,102199,220824,
2020-07-06,,,12,5,18,1108,970,1239,1622,531,2809,24538,9098,41252,162202,102730,223633,
2020-07-07,,,12,5,19,1120,975,1257,1615,518,2805,24536,8940,41430,163817,103249,226438,
2020-07-08,,,12,5,19,1132,981,1275,1607,507,2798,24517,8779,41572,165423,103756,229235,
2020-07-09,,,12,5,19,1144,986,1294,1597,496,2792,24482,8615,41681,167020,104253,232026,
2020-07-10,,,12,5,19,1156,991,1313,1587,486,2787,24433,8451,41765,168607,104739,234813,
2020-07-11,,,12,5,20,1167,997,1332,1575,475,2781,24369,8287,41824,170183,105214,237593,
2020-07-12,,,12,5,20,1179,1002,1351,1563,464,2771,24289,8123,41854,171746,105679,240364,
2020-07-13,,,12,5,20,1192,1007,1371,1550,454,2759,24195,7958,41855,173295,106133,243122,
2020-07-14,,,12,5,20,1204,1012,1390,1536,443,2744,24085,7793,41827,174831,106577,245866,
2020-07-15,,,12,4,20,1216,1017,1410,1521,432,2728,23960,7629,41772,176352,107010,248594,
2020-07-16,,,12,4,21,1228,1022,1430,1505,422,2708,23821,7466,41689,177857,107432,251301,
2020-07-17,,,12,4,21,1240,1027,1450,1488,411,2686,23668,7303,41578,179345,107844,253987,
2020-07-18,,,12,4,21,1253,1032,1471,1471,401,2665,23500,7141,41442,180816,108245,256652,
2020-07-19,,,12,4,21,1265,1036,1491,1453,391,2641,23319,6979,41278,182269,108636,259293,
2020-07-20,,,12,4,21,1277,1041,1512,1434,381,2618,23124,6818,41087,183703,109017,261911,
2020-07-21,,,12,4,21,1290,1046,1533,1415,371,2592,22916,6658,40870,185118,109389,264502,
2020-07-22,,,12,4,21,1302,1050,1554,1394,361,2564,22696,6501,40629,186512,109750,267066,
2020-07-23,,,12,4,21,1314,1054,1574,1374,351,2534,22463,6345,40365,187886,110101,269599,
2020-07-24,,,12,4,21,1326,1059,1595,1352,341,2502,22218,6190,40076,189238,110443,272101,
2020-07-25,,,12,4,21,1339,1063,1616,1331,332,2469,21962,6036,39758,190569,110776,274570,
2020-07-26,,,12,4,21,1351,1067,1637,1308,322,2434,21695,5884,39411,191877,111099,277003,
2020-07-27,,,12,4,22,1363,1071,1658,1286,313,2398,21417,5733,39037,193163,111412,279401,
2020-07-28,,,12,3,22,1375,1075,1679,1262,304,2361,21130,5583,38639,194425,111716,281761,
2020-07-29,,,12,3,21,1387,1079,1700,1239,295,2326,20833,5434,38222,195664,112012,284087,
2020-07-30,,,12,3,21,1399,1083,1721,1215,286,2288,20527,5288,37781,196879,112298,286374,
2020-07-31,,,12,3,21,1411,1086,1742,1191,277,2248,20214,5144,37321,198070,112576,288622,
2020-08-01,,,12,3,21,1423,1090,1763,1167,269,2208,19892,5001,36842,199237,112845,290829,
2020-08-02,,,12,3,21,1435,1094,1784,1142,261,2167,19563,4861,36344,200379,113106,292995,
2020-08-03,,,12,3,21,1447,1097,1804,1118,253,2127,19228,4723,35830,201497,113360,295122,
2020-08-04,,,12,3,21,1458,1101,1825,1093,245,2086,18886,4587,35297,202590,113605,297207,
2020-08-05,,,11,3,21,1470,1104,1846,1068,237,2041,18540,4454,34746,203657,113843,299248,
2020-08-06,,,11,3,21,1481,1107,1866,1044,230,1995,18189,4324,34178,204701,114074,301243,
2020-08-07,,,11,3,21,1492,1110,1886,1020,223,1950,17835,4196,33594,205721,114298,303193,
2020-08-08,,,11,3,21,1503,1113,1906,996,216,1905,17479,4071,32996,206717,114515,305097,
2020-08-09,,,11,3,20,1514,1116,1926,972,210,1859,17120,3949,32386,207689,114725,306955,
2020-08-10,,,11,2,20,1525,1119,1946,948,203,1813,16760,3829,31765,208637,114929,308768,
2020-08-11,,,11,2,20,1536,1122,1965,925,197,1767,16399,3713,31134,209562,115126,310534,
2020-08-12,,,11,2,20,1547,1125,1985,902,191,1721,16039,3601,30495,210464,115318,312255,
2020-08-13,,,10,2,20,1557,1128,2004,879,185,1676,15679,3491,29845,211343,115503,313931,
2020-08-14,,,10,2,19,1567,1130,2023,857,180,1632,15320,3385,29189,212200,115684,315563,
2020-08-15,,,10,2,19,1577,1133,2042,834,175,1588,14963,3282,28529,213034,115859,317151,
2020-08-16,,,10,2,19,1587,1135,2060,812,170,1546,14609,3183,27867,213846,116029,318696,
2020-08-17,,,10,2,19,1597,1138,2078,791,165,1505,14257,3087,27206,214637,116194,320200,
2020-08-18,,,10,2,18,1607,1140,2096,769,160,1462,13909,2995,26540,215406,116355,321661,
2020-08-19,,,9,2,18,1616,1142,2114,748,156,1418,13565,2905,25872,216154,116511,323079,
2020-08-20,,,9,2,18,1625,1144,2131,729,151,1378,13226,2819,25209,216883,116663,324457,
2020-08-21,,,9,2,18,1634,1147,2148,709,147,1339,12891,2736,24553,217593,116811,325795,
2020-08-22,,,9,2,17,1643,1149,2165,690,143,1300,12562,2656,23902,218283,116955,327094,
2020-08-23,,,9,2,17,1652,1151,2182,672,140,1261,12238,2580,23259,218955,117095,328355,
2020-08-24,,,9,1,17,1661,1153,2198,654,136,1227,11920,2506,22627,219609,117231,329582,
2020-08-25,,,8,1,16,1669,1155,2214,636,133,1196,11608,2436,22010,220245,117365,330777,
2020-08-26,,,8,1,16,1677,1156,2229,619,129,1167,11302,2368,21410,220864,117495,331944,
2020-08-27,,,8,1,16,1685,1158,2244,603,126,1135,11003,2304,20824,221467,117622,333079,
2020-08-28,,,8,1,15,1693,1160,2259,587,123,1105,10711,2242,20253,222054,117745,334183,
2020-08-29,,,8,1,15,1701,1162,2274,571,121,1077,10425,2182,19698,222625,117867,335260,
2020-08-30,,,7,1,15,1708,1163,2288,556,118,1050,10146,2126,19160,223180,117985,336310,
2020-08-31,,,7,1,14,1715,1165,2302,541,115,1022,9875,2071,18636,223721,118100,337331,
2020-09-01,,,7,1,14,1722,1166,2316,526,113,996,9610,2019,18127,224247,118213,338327,
