date,actual_deaths,total_deaths,predicted_deaths_mean,predicted_deaths_lower,predicted_deaths_upper,predicted_total_deaths_mean,predicted_total_deaths_lower,predicted_total_deaths_upper,predicted_new_infected_mean,predicted_new_infected_lower,predicted_new_infected_upper,predicted_current_infected_mean,predicted_current_infected_lower,predicted_current_infected_upper,predicted_total_infected_mean,predicted_total_infected_lower,predicted_total_infected_upper,r_values_mean
2020-02-19,,,,,,,,,205,100,300,205,100,300,205,100,300,2.10177842717
2020-02-20,,,,,,,,,205,100,300,411,200,600,411,200,600,2.09830331114
2020-02-21,,,,,,,,,205,100,300,616,300,900,616,300,900,2.09708098613
2020-02-22,,,,,,,,,205,100,300,822,400,1200,822,400,1200,2.09542869862
2020-02-23,,,,,,,,,205,100,300,1027,500,1500,1027,500,1500,2.09319599167
2020-02-24,,,,,,,,,205,100,300,1233,600,1800,1233,600,1800,2.09018083724
2020-02-25,,,,,,,,,205,100,300,1438,700,2100,1438,700,2100,2.08611302787
2020-02-26,,,,,,,,,205,100,300,1644,800,2400,1644,800,2400,2.08063313286
2020-02-27,,,,,,,,,205,100,300,1849,900,2700,1849,900,2700,2.0732665858
2020-02-28,,,,,,,,,615,299,1006,2464,1199,3706,2464,1199,3706,2.06339318954
2020-02-29,,,,,,,,,610,298,994,3074,1498,4699,3074,1498,4699,2.05021410423
2020-03-01,,,,,,,,,645,317,1050,3719,1816,5749,3719,1816,5749,2.03272250253
2020-03-02,,,,,,,,,718,356,1168,4437,2172,6917,4437,2172,6917,2.00969273128
2020-03-03,,,,,,,,,869,436,1416,5306,2608,8332,5306,2608,8332,1.97971738174
2020-03-04,,,,,,,,,1097,561,1772,6403,3169,10103,6403,3169,10103,1.94133485994
2020-03-05,,,,,,,,,1258,660,1959,7456,3730,11762,7661,3830,12062,1.89327419375
2020-03-06,,,,,,,,,1383,751,2082,8633,4381,13543,9044,4581,14143,1.83476893264
2020-03-07,,,,,,,,,1519,860,2187,9947,5142,15429,10563,5442,16329,1.76580638661
2020-03-08,,,,,,,,,1667,993,2303,11409,6036,17432,12231,6436,18632,1.6872085558
2020-03-09,,,,,,,,,1831,1154,2473,13034,7090,19605,14061,7590,21105,1.60056892391
2020-03-10,,,,,,,,,1961,1312,2597,14790,8303,21901,16023,8903,23701,1.50812310866
2020-03-11,,,,,,,,,2053,1454,2630,16637,9658,24231,18075,10358,26331,1.41259007556
2020-03-12,,,,,,,,,2116,1558,2682,18547,11116,26613,20191,11916,29013,1.3169834467
2020-03-13,,,,,,,,,2157,1552,2765,20499,12569,29078,22348,13469,31778,1.22439904815
2020-03-14,1,1,,,,,,,2179,1562,2868,22063,13831,30940,24527,15031,34645,1.13778326815
2020-03-15,1,2,,,,,,,2178,1580,2943,23631,15113,32890,26705,16612,37588,1.05967273284
2020-03-16,1,3,,,,,,,2152,1547,3014,25137,16343,34853,28857,18159,40601,0.99191166881
2020-03-17,1,4,,,,,,,2109,1512,2968,26529,17500,36653,30966,19672,43569,0.935407641946
2020-03-18,0,4,,,,,,,2057,1479,2883,27717,18543,38119,33022,21151,46451,0.890032127442
2020-03-19,2,6,,,,,,,1999,1447,2813,28619,19429,39160,35021,22599,49263,0.854755144072
2020-03-20,3,9,,,,,,,1939,1417,2700,29299,20186,39902,36961,24017,51963,0.827996516166
2020-03-21,4,13,,,,,,,1877,1387,2596,29793,20822,40416,38837,25404,54559,0.808031640198
2020-03-22,0,13,,,,,,,1813,1352,2499,30087,21314,40729,40650,26757,57057,0.793281697809
2020-03-23,11,24,,,,,,,1750,1316,2392,30170,21637,40817,42400,28073,59449,0.782441743135
2020-03-24,8,32,,,,,,,1688,1274,2279,30027,21757,40623,44088,29348,61727,0.774494772108
2020-03-25,2,34,,,,,,,1628,1234,2165,29694,21679,40190,45717,30583,63891,0.768673552191
2020-03-26,7,41,,,,,,,1571,1196,2051,29212,21422,39611,47287,31780,65941,0.7644092061
2020-03-27,11,52,,,,,,,1515,1168,1965,28612,21032,38893,48803,32948,67905,0.761283651404
2020-03-28,13,65,,,,,,,1462,1136,1883,27917,20615,38010,50264,34085,69787,0.758990948385
2020-03-29,7,72,,,,,,,1411,1113,1809,27148,20166,36951,51675,35198,71595,0.757307631438
2020-03-30,5,77,,,,,,,1362,1089,1739,26332,19675,35747,53036,36287,73334,0.756070553209
2020-03-31,13,90,,,,,,,1315,1053,1677,25494,19181,34410,54351,37341,75011,0.755160566376
2020-04-01,14,104,,,,,,,1270,1021,1616,24655,18689,33058,55621,38362,76627,0.754490590269
2020-04-02,19,123,,,,,,,1227,982,1558,23826,18192,31734,56848,39344,78185,0.753996915299
2020-04-03,16,139,,,,,,,1186,948,1503,23013,17693,30424,58034,40293,79687,0.753632876636
2020-04-04,22,161,,,,,,,1147,923,1449,22220,17199,29173,59181,41216,81136,0.753364253124
2020-04-05,18,179,,,,,,,1109,897,1397,21453,16709,27975,60290,42114,82533,0.753165919407
2020-04-06,8,187,,,,,,,1073,865,1352,20713,16222,26828,61364,42979,83884,0.753019407595
2020-04-07,16,203,,,,,,,1039,832,1301,20003,15738,25737,62403,43812,85185,0.75291112909
2020-04-08,15,218,,,,,,,1006,799,1255,19321,15263,24713,63409,44611,86440,0.75283107599
2020-04-09,19,237,,,,,,,974,770,1210,18667,14798,23759,64384,45382,87649,0.752771871308
2020-04-10,10,247,,,,,,,944,738,1167,18040,14339,22876,65328,46120,88816,0.75272807328
2020-04-11,13,260,,,,,,,915,710,1126,17440,13881,22037,66243,46830,89942,0.752695665071
2020-04-12,13,273,,,,,,,887,677,1086,16865,13423,21241,67130,47508,91027,0.752671679979
2020-04-13,12,285,,,,,,,860,651,1050,16315,12961,20482,67990,48159,92077,0.752653925832
2020-04-14,14,299,,,,,,,834,621,1015,15787,12493,19758,68824,48781,93092,0.752640782103
2020-04-15,10,309,,,,,,,809,592,982,15282,12032,19063,69633,49373,94073,0.752630183868
2020-04-16,12,321,,,,,,,785,567,957,14797,11578,18404,70418,49941,95030,0.752621942962
2020-04-17,15,336,,,,,,,762,546,934,14331,11143,17779,71179,50487,95963,0.752615434524
2020-04-18,10,346,,,,,,,739,526,911,13884,10721,17188,71918,51014,96874,0.752609909522
2020-04-19,9,355,,,,,,,717,509,890,13455,10307,16628,72636,51524,97764,0.752606140646
2020-04-20,9,364,,,,,,,696,486,869,13042,9896,16100,73332,52010,98632,0.752603415521
2020-04-21,6,370,,,,,,,676,462,849,12644,9493,15597,74008,52473,99481,0.752603488354
2020-04-22,14,384,,,,,,,656,442,828,12261,9103,15124,74664,52915,100309,0.752603597008
2020-04-23,10,394,,,,,,,637,426,809,11892,8730,14678,75301,53342,101117,0.7526037591
2020-04-24,9,403,,,,,,,619,411,790,11536,8371,14257,75920,53753,101906,0.752604000912
2020-04-25,15,418,,,,,,,600,396,771,11193,8030,13861,76520,54150,102676,0.752604361653
2020-04-26,4,422,,,,,,,583,382,752,10861,7702,13487,77103,54532,103428,0.752604899812
2020-04-27,5,427,,,,,,,566,369,734,10539,7393,13135,77669,54902,104162,0.752605702645
2020-04-28,7,434,,,,,,,549,356,716,10229,7098,12801,78218,55258,104877,0.752606900318
2020-04-29,9,443,,,,,,,533,343,699,9927,6820,12485,78751,55601,105576,0.752608687006
2020-04-30,9,452,,,,,,,517,331,682,9636,6559,12185,79268,55933,106257,0.752611352364
2020-05-01,8,460,,,,,,,502,319,665,9352,6312,11893,79770,56253,106922,0.752615328463
2020-05-02,15,475,,,,,,,487,308,649,9077,6074,11608,80256,56562,107570,0.752621259776
2020-05-03,9,484,,,,,,,472,297,633,8810,5845,11329,80728,56859,108203,0.75263010752
2020-05-04,9,493,,,,,,,457,286,617,8550,5622,11056,81186,57146,108819,0.75264330517
2020-05-05,10,503,,,,,,,443,276,601,8297,5412,10788,81629,57423,109420,0.752662990114
2020-05-06,3,506,,,,,,,429,266,586,8050,5216,10526,82058,57689,110006,0.752692348511
2020-05-07,8,514,,,,,,,416,256,571,7810,5029,10269,82474,57945,110577,0.752736128099
2020-05-08,8,522,,,,,,,402,246,557,7575,4849,10016,82876,58192,111133,0.752801399558
2020-05-09,4,526,,,,,,,389,236,542,7346,4674,9769,83266,58428,111674,0.752898684186
2020-05-10,1,527,,,,,,,377,227,528,7122,4505,9526,83642,58655,112202,0.753043618186
2020-05-11,0,527,,,,,,,364,217,514,6903,4340,9288,84006,58873,112715,0.753259395646
2020-05-12,0,527,,,,,,,352,208,498,6689,4180,9052,84358,59082,113213,0.753580325277
2020-05-13,6,533,,,,,,,340,199,483,6479,4023,8818,84698,59281,113695,0.754056944003
2020-05-14,4,537,,,,,,,328,190,467,6274,3870,8587,85025,59472,114162,0.754763226769
2020-05-15,0,537,,,,,,,316,182,453,6073,3721,8357,85342,59655,114614,0.755806440982
2020-05-16,6,543,,,,,,,305,174,439,5877,3575,8131,85647,59829,115053,0.757339939943
2020-05-17,4,547,,,,,,,294,166,426,5685,3433,7908,85941,59995,115478,0.75957831151
2020-05-18,1,548,,,,,,,284,158,412,5497,3294,7687,86225,60153,115889,0.762812159929
2020-05-19,3,551,,,,,,,274,151,401,5314,3158,7471,86499,60304,116290,0.767415536493
2020-05-20,3,554,,,,,,,265,144,392,5136,3025,7262,86765,60449,116682,0.773832178219
2020-05-21,7,561,,,,,,,257,138,382,4964,2897,7058,87022,60587,117063,0.782519201163
2020-05-22,0,561,,,,,,,250,132,377,4798,2774,6864,87272,60719,117440,0.793826809917
2020-05-23,0,561,,,,,,,244,128,373,4640,2656,6680,87516,60848,117812,0.807815874387
2020-05-24,1,562,,,,,,,239,124,369,4490,2543,6507,87755,60972,118181,0.82407319213
2020-05-25,1,563,,,,,,,235,119,366,4348,2436,6345,87990,61092,118546,0.841648529182
2020-05-26,0,563,,,,,,,231,114,360,4215,2332,6191,88221,61206,118905,0.854906035971
2020-05-27,2,565,,,,,,,228,111,358,4091,2235,6050,88449,61318,119263,0.867588537008
2020-05-28,3,568,,,,,,,226,109,360,3977,2145,5927,88674,61427,119622,0.879216636536
2020-05-29,0,568,,,,,,,224,106,362,3873,2061,5822,88898,61534,119984,0.889470248447
2020-05-30,3,571,,,,,,,222,105,366,3778,1985,5735,89120,61640,120349,0.898205533896
2020-05-31,3,574,,,,,,,220,105,368,3693,1916,5664,89340,61745,120717,0.905431460524
2020-06-01,2,576,,,,,,,219,102,372,3618,1852,5611,89559,61848,121088,0.911264680932
2020-06-02,4,580,,,,,,,218,100,376,3552,1794,5576,89777,61948,121464,0.915881521871
2020-06-03,0,580,,,,,,,217,97,381,3494,1740,5555,89994,62045,121844,0.919478832984
2020-06-04,2,582,,,,,,,216,96,385,3445,1692,5548,90210,62141,122229,0.922247692349
2020-06-05,4,586,,,,,,,215,94,389,3403,1649,5556,90425,62236,122618,0.924358899211
2020-06-06,1,587,,,,,,,215,93,394,3368,1610,5573,90640,62330,123012,0.925957118421
2020-06-07,,,2,0,3,589,587,590,214,92,398,3338,1574,5598,90854,62423,123410,
2020-06-08,,,2,0,3,590,588,592,214,91,403,3312,1542,5632,91068,62514,123813,
2020-06-09,,,2,0,3,592,589,595,213,89,408,3291,1511,5675,91281,62604,124221,
2020-06-10,,,2,0,3,594,590,597,213,87,413,3273,1485,5729,91494,62692,124634,
2020-06-11,,,2,0,3,595,591,599,212,86,419,3257,1459,5790,91706,62778,125052,
2020-06-12,,,1,0,3,596,592,601,212,84,424,3244,1434,5854,91918,62862,125475,
2020-06-13,,,1,0,3,598,593,603,212,82,429,3232,1410,5921,92130,62945,125904,
2020-06-14,,,1,0,3,599,593,606,212,81,434,3222,1385,5989,92342,63026,126338,
2020-06-15,,,1,0,3,601,594,608,212,79,440,3214,1360,6061,92554,63105,126777,
2020-06-16,,,1,0,3,602,595,610,211,78,445,3206,1335,6134,92765,63183,127222,
2020-06-17,,,1,0,3,603,595,612,211,76,451,3200,1312,6208,92976,63260,127672,
2020-06-18,,,1,0,3,605,596,614,211,75,456,3194,1290,6284,93188,63335,128127,
2020-06-19,,,1,0,3,606,597,616,211,74,462,3189,1268,6360,93399,63410,128589,
2020-06-20,,,1,0,3,607,597,618,211,72,467,3185,1246,6438,93611,63483,129055,
2020-06-21,,,1,0,3,608,598,620,211,71,473,3182,1224,6516,93822,63554,129528,
2020-06-22,,,1,0,3,610,598,622,212,70,478,3179,1202,6596,94034,63625,130006,
2020-06-23,,,1,0,3,611,599,624,212,69,484,3178,1180,6677,94245,63695,130489,
2020-06-24,,,1,0,3,612,599,626,212,68,490,3176,1160,6759,94457,63764,130979,
2020-06-25,,,1,0,3,613,600,628,212,67,494,3175,1139,6840,94669,63832,131473,
2020-06-26,,,1,0,3,615,601,631,211,66,499,3174,1120,6920,94880,63898,131971,
2020-06-27,,,1,0,3,616,601,633,211,65,504,3173,1101,7000,95091,63964,132474,
2020-06-28,,,1,0,3,617,602,635,211,64,508,3171,1084,7079,95302,64029,132982,
2020-06-29,,,1,0,3,618,602,637,210,63,512,3170,1066,7156,95512,64092,133493,
2020-06-30,,,1,0,3,619,603,639,210,62,516,3168,1049,7232,95722,64155,134009,
2020-07-01,,,1,0,3,621,603,642,209,61,519,3166,1033,7306,95931,64217,134528,
2020-07-02,,,1,0,3,622,604,644,209,60,523,3163,1017,7378,96140,64278,135050,
2020-07-03,,,1,0,3,623,604,646,208,60,526,3160,1002,7448,96348,64338,135575,
2020-07-04,,,1,0,3,624,605,649,207,59,529,3156,987,7515,96555,64397,136103,
2020-07-05,,,1,0,3,625,605,651,206,58,531,3151,972,7579,96761,64455,136634,
2020-07-06,,,1,0,3,627,606,654,206,57,533,3145,958,7639,96967,64513,137166,
2020-07-07,,,1,0,3,628,606,656,205,56,535,3138,944,7696,97171,64570,137701,
2020-07-08,,,1,0,3,629,606,659,204,55,537,3130,930,7749,97375,64625,138238,
2020-07-09,,,1,0,3,630,607,661,203,55,538,3120,916,7797,97578,64680,138775,
2020-07-10,,,1,0,3,631,607,664,201,54,540,3110,903,7842,97779,64735,139315,
2020-07-11,,,1,0,3,632,608,666,200,53,541,3099,890,7884,97979,64788,139855,
2020-07-12,,,1,0,3,634,608,669,199,52,541,3087,877,7922,98178,64841,140395,
2020-07-13,,,1,0,3,635,609,672,198,52,542,3074,864,7955,98376,64893,140937,
2020-07-14,,,1,0,3,636,609,674,196,51,542,3060,852,7985,98572,64945,141478,
2020-07-15,,,1,0,3,637,609,677,195,50,542,3045,840,8011,98767,64996,142019,
2020-07-16,,,1,0,3,638,610,680,194,50,541,3030,828,8033,98961,65046,142560,
2020-07-17,,,1,0,3,640,610,683,192,49,541,3013,817,8050,99153,65095,143100,
2020-07-18,,,1,0,3,641,610,685,190,48,540,2996,806,8064,99343,65144,143639,
2020-07-19,,,1,0,3,642,611,688,189,48,538,2977,795,8074,99532,65192,144177,
2020-07-20,,,1,0,3,643,611,691,187,47,537,2958,784,8080,99719,65240,144713,
2020-07-21,,,1,0,3,644,612,694,186,47,535,2938,774,8082,99905,65287,145248,
2020-07-22,,,1,0,3,646,612,697,184,46,533,2917,764,8079,100089,65334,145780,
2020-07-23,,,1,0,3,647,612,700,182,45,531,2896,754,8073,100271,65380,146310,
2020-07-24,,,1,0,3,648,613,703,180,45,528,2874,744,8063,100451,65425,146838,
2020-07-25,,,1,0,3,649,613,706,178,44,526,2851,734,8049,100630,65470,147363,
2020-07-26,,,1,0,3,650,613,709,177,44,523,2827,725,8031,100806,65514,147885,
2020-07-27,,,1,0,3,651,614,712,175,43,519,2803,716,8009,100981,65558,148404,
2020-07-28,,,1,0,3,653,614,715,173,43,516,2778,707,7983,101154,65601,148919,
2020-07-29,,,1,0,4,654,614,718,171,42,512,2752,699,7954,101324,65644,149431,
2020-07-30,,,1,0,4,655,615,721,169,42,508,2726,690,7921,101493,65687,149939,
2020-07-31,,,1,0,4,656,615,724,167,41,504,2699,682,7884,101660,65729,150443,
2020-08-01,,,1,0,4,657,615,727,165,41,500,2672,674,7843,101825,65770,150942,
2020-08-02,,,1,0,4,658,615,730,163,41,495,2644,666,7799,101988,65811,151437,
2020-08-03,,,1,0,4,659,616,733,161,40,491,2616,659,7751,102148,65852,151927,
2020-08-04,,,1,0,4,660,616,736,159,40,486,2588,651,7700,102307,65892,152413,
2020-08-05,,,1,0,4,662,616,739,157,39,481,2559,644,7646,102463,65932,152893,
2020-08-06,,,1,0,4,663,617,742,155,39,477,2529,637,7590,102618,65971,153369,
2020-08-07,,,1,0,4,664,617,745,153,39,473,2500,631,7531,102771,66011,153841,
2020-08-08,,,1,0,4,665,617,748,151,38,468,2471,624,7471,102922,66049,154309,
2020-08-09,,,1,0,4,666,617,751,149,38,464,2442,618,7409,103072,66088,154772,
2020-08-10,,,1,0,4,667,618,754,148,38,459,2413,612,7346,103219,66126,155231,
2020-08-11,,,1,0,4,668,618,757,146,38,455,2385,606,7282,103366,66165,155686,
2020-08-12,,,1,0,4,669,618,760,145,37,451,2356,601,7217,103510,66202,156136,
2020-08-13,,,1,0,3,670,619,763,143,37,447,2329,595,7152,103653,66240,156583,
2020-08-14,,,1,0,3,671,619,766,141,37,443,2301,590,7087,103794,66278,157025,
2020-08-15,,,1,0,3,672,619,769,140,37,439,2274,586,7021,103934,66315,157463,
2020-08-16,,,1,0,3,673,619,772,139,37,435,2248,581,6956,104073,66352,157898,
2020-08-17,,,1,0,3,674,620,775,137,36,431,2223,577,6891,104210,66389,158328,
2020-08-18,,,1,0,3,675,620,778,136,36,427,2198,573,6828,104346,66426,158754,
2020-08-19,,,1,0,3,676,620,781,134,36,423,2174,570,6765,104480,66462,159177,
2020-08-20,,,1,0,3,677,620,783,133,36,419,2150,567,6703,104614,66499,159596,
2020-08-21,,,1,0,3,678,621,786,132,36,416,2128,564,6642,104746,66535,160011,
2020-08-22,,,1,0,3,679,621,789,131,36,412,2105,561,6582,104876,66572,160423,
2020-08-23,,,1,0,3,680,621,792,130,36,408,2084,558,6522,105006,66608,160830,
2020-08-24,,,1,0,3,681,621,795,128,36,405,2063,555,6463,105134,66644,161235,
2020-08-25,,,1,0,3,682,621,797,127,35,401,2042,553,6405,105262,66680,161635,
2020-08-26,,,1,0,3,682,622,800,126,35,398,2022,551,6347,105388,66716,162032,
2020-08-27,,,1,0,3,683,622,803,125,35,394,2003,549,6291,105513,66752,162426,
2020-08-28,,,1,0,3,684,622,806,124,35,391,1984,547,6235,105637,66788,162817,
2020-08-29,,,1,0,3,685,622,808,123,35,388,1965,545,6180,105760,66823,163204,
2020-08-30,,,1,0,3,686,623,811,122,35,384,1947,543,6125,105882,66859,163588,
2020-08-31,,,1,0,3,687,623,813,121,35,381,1930,542,6072,106003,66894,163969,
2020-09-01,,,1,0,3,688,623,816,120,35,378,1913,540,6019,106123,66930,164346,
