date,actual_deaths,total_deaths,predicted_deaths_mean,predicted_deaths_lower,predicted_deaths_upper,predicted_total_deaths_mean,predicted_total_deaths_lower,predicted_total_deaths_upper,predicted_new_infected_mean,predicted_new_infected_lower,predicted_new_infected_upper,predicted_current_infected_mean,predicted_current_infected_lower,predicted_current_infected_upper,predicted_total_infected_mean,predicted_total_infected_lower,predicted_total_infected_upper
2020-02-21,,,,,,,,,53,25,75,53,25,75,53,25,75
2020-02-22,,,,,,,,,53,25,75,106,50,150,106,50,150
2020-02-23,,,,,,,,,53,25,75,159,75,225,159,75,225
2020-02-24,,,,,,,,,53,25,75,212,100,300,212,100,300
2020-02-25,,,,,,,,,53,25,75,265,125,375,265,125,375
2020-02-26,,,,,,,,,53,25,75,317,150,450,317,150,450
2020-02-27,,,,,,,,,53,25,75,370,175,525,370,175,525
2020-02-28,,,,,,,,,53,25,75,423,200,600,423,200,600
2020-02-29,,,,,,,,,53,25,75,476,225,675,476,225,675
2020-03-01,,,,,,,,,135,69,195,611,294,870,611,294,870
2020-03-02,,,,,,,,,134,69,195,746,364,1064,746,364,1064
2020-03-03,,,,,,,,,140,73,203,886,437,1267,886,437,1267
2020-03-04,,,,,,,,,153,80,222,1039,518,1488,1039,518,1488
2020-03-05,,,,,,,,,178,96,259,1217,614,1747,1217,614,1747
2020-03-06,,,,,,,,,218,121,318,1435,736,2064,1435,736,2064
2020-03-07,,,,,,,,,248,140,362,1629,851,2350,1682,876,2425
2020-03-08,,,,,,,,,273,157,398,1849,983,2673,1955,1033,2823
2020-03-09,,,,,,,,,301,177,439,2098,1135,3036,2256,1210,3261
2020-03-10,,,,,,,,,334,200,484,2379,1311,3445,2591,1411,3745
2020-03-11,,,,,,,,,375,230,549,2701,1517,3918,2966,1642,4293
2020-03-12,,,,,,,,,415,261,605,3063,1753,4448,3381,1903,4898
2020-03-13,,,,,,,,,454,292,655,3464,2021,5027,3835,2196,5552
2020-03-14,,,,,,,,,492,326,695,3903,2322,5647,4326,2522,6247
2020-03-15,,,,,,,,,530,362,744,4380,2659,6316,4857,2884,6991
2020-03-16,1,1,,,,,,,570,398,794,4815,2988,6914,5426,3283,7784
2020-03-17,0,1,,,,,,,608,432,825,5289,3351,7545,6034,3715,8609
2020-03-18,0,1,,,,,,,643,456,869,5792,3734,8210,6678,4172,9477
2020-03-19,0,1,,,,,,,676,479,887,6315,4133,8876,7353,4651,10364
2020-03-20,0,1,,,,,,,705,495,923,6841,4532,9540,8058,5147,11287
2020-03-21,2,3,,,,,,,732,520,956,7356,4931,10178,8790,5667,12242
2020-03-22,0,3,,,,,,,756,535,991,7864,5325,10808,9546,6202,13233
2020-03-23,2,5,,,,,,,777,547,1014,8368,5716,11424,10323,6749,14246
2020-03-24,0,5,,,,,,,795,559,1040,8862,6098,12025,11118,7309,15285
2020-03-25,2,7,,,,,,,810,571,1056,9337,6468,12596,11928,7880,16340
2020-03-26,2,9,,,,,,,823,582,1078,9785,6821,13125,12751,8463,17418
2020-03-27,4,13,,,,,,,834,594,1102,10204,7153,13622,13585,9057,18519
2020-03-28,2,15,,,,,,,844,605,1118,10594,7466,14085,14429,9663,19636
2020-03-29,1,16,,,,,,,851,617,1113,10954,7757,14503,15280,10280,20749
2020-03-30,2,18,,,,,,,858,628,1133,11281,8023,14891,16138,10908,21882
2020-03-31,4,22,,,,,,,863,637,1134,11575,8262,15232,17002,11546,23016
2020-04-01,4,26,,,,,,,868,648,1138,11835,8478,15545,17870,12194,24154
2020-04-02,5,31,,,,,,,872,658,1151,12064,8680,15828,18741,12852,25305
2020-04-03,3,34,,,,,,,875,663,1160,12263,8864,16100,19616,13516,26464
2020-04-04,6,40,,,,,,,878,670,1165,12436,9039,16342,20494,14186,27629
2020-04-05,4,44,,,,,,,880,676,1174,12584,9195,16560,21374,14863,28802
2020-04-06,4,48,,,,,,,882,681,1181,12709,9341,16750,22256,15544,29982
2020-04-07,3,51,,,,,,,883,684,1186,12816,9479,16922,23139,16229,31168
2020-04-08,0,51,,,,,,,885,688,1176,12906,9608,17058,24023,16917,32343
2020-04-09,16,67,,,,,,,886,690,1173,12981,9727,17175,24909,17607,33515
2020-04-10,5,72,,,,,,,887,690,1182,13045,9835,17280,25796,18298,34697
2020-04-11,8,80,,,,,,,888,689,1188,13099,9931,17367,26684,18988,35885
2020-04-12,2,82,,,,,,,888,687,1193,13144,10012,17441,27572,19675,37077
2020-04-13,0,82,,,,,,,889,685,1201,13181,10081,17529,28461,20361,38278
2020-04-14,15,97,,,,,,,890,679,1207,13213,10132,17604,29351,21040,39485
2020-04-15,9,106,,,,,,,890,673,1212,13240,10167,17681,30241,21714,40697
2020-04-16,5,111,,,,,,,891,665,1217,13262,10184,17760,31132,22379,41913
2020-04-17,5,116,,,,,,,891,658,1224,13282,10185,17832,32023,23037,43136
2020-04-18,3,119,,,,,,,892,650,1232,13299,10172,17904,32915,23688,44367
2020-04-19,1,120,,,,,,,893,639,1241,13314,10141,17980,33808,24328,45608
2020-04-20,3,123,,,,,,,894,632,1251,13328,10097,18057,34702,24960,46858
2020-04-21,1,124,,,,,,,895,619,1259,13341,10035,18135,35597,25579,48116
2020-04-22,16,140,,,,,,,895,608,1267,13353,9958,18215,36492,26187,49383
2020-04-23,10,150,,,,,,,896,597,1275,13365,9867,18314,37388,26785,50657
2020-04-24,7,157,,,,,,,897,587,1283,13376,9764,18425,38286,27372,51940
2020-04-25,9,166,,,,,,,898,578,1291,13388,9652,18534,39184,27950,53230
2020-04-26,8,174,,,,,,,899,567,1303,13399,9530,18648,40083,28518,54532
2020-04-27,3,177,,,,,,,900,557,1314,13410,9400,18769,40982,29076,55845
2020-04-28,15,192,,,,,,,901,548,1317,13422,9262,18884,41883,29624,57162
2020-04-29,39,231,,,,,,,902,538,1326,13434,9122,19003,42785,30163,58488
2020-04-30,13,244,,,,,,,903,530,1338,13446,8979,19129,43688,30693,59825
2020-05-01,12,256,,,,,,,904,520,1350,13460,8835,19262,44592,31214,61175
2020-05-02,11,267,,,,,,,906,510,1360,13474,8686,19398,45497,31724,62534
2020-05-03,8,275,,,,,,,907,501,1369,13489,8537,19536,46405,32225,63903
2020-05-04,8,283,,,,,,,910,493,1381,13506,8391,19676,47314,32719,65283
2020-05-05,13,296,,,,,,,913,485,1395,13525,8244,19820,48227,33205,66678
2020-05-06,9,305,,,,,,,917,478,1409,13548,8103,19970,49145,33683,68086
2020-05-07,11,316,,,,,,,923,473,1432,13575,7969,20136,50068,34157,69518
2020-05-08,4,320,,,,,,,930,469,1447,13610,7841,20308,50998,34626,70965
2020-05-09,10,330,,,,,,,940,462,1468,13652,7716,20493,51938,35089,72432
2020-05-10,1,331,,,,,,,951,456,1499,13706,7595,20701,52889,35545,73931
2020-05-11,,,8,5,12,339,336,343,965,453,1531,13772,7480,20930,53854,35999,75461
2020-05-12,,,8,5,12,347,342,354,980,448,1579,13852,7371,21195,54834,36447,77040
2020-05-13,,,8,5,12,356,348,366,997,445,1629,13948,7269,21506,55831,36893,78668
2020-05-14,,,8,5,12,364,354,378,1014,446,1685,14060,7176,21866,56845,37339,80353
2020-05-15,,,8,5,12,372,359,390,1033,445,1733,14190,7091,22261,57878,37785,82085
2020-05-16,,,8,5,13,381,365,402,1052,443,1802,14338,7014,22713,58930,38228,83887
2020-05-17,,,9,5,13,389,370,414,1072,440,1873,14505,6944,23226,60002,38669,85759
2020-05-18,,,9,5,13,398,376,427,1093,435,1926,14690,6879,23782,61094,39104,87685
2020-05-19,,,9,5,13,407,381,439,1114,428,1995,14894,6814,24397,62209,39533,89679
2020-05-20,,,9,5,13,416,386,452,1136,424,2079,15117,6753,25081,63345,39958,91758
2020-05-21,,,9,5,14,424,392,465,1159,422,2159,15359,6697,25832,64503,40380,93917
2020-05-22,,,9,5,14,433,397,479,1182,419,2242,15618,6643,26641,65685,40800,96159
2020-05-23,,,9,5,14,442,402,492,1206,414,2326,15893,6588,27520,66891,41214,98484
2020-05-24,,,9,5,14,451,407,506,1230,409,2418,16183,6534,28470,68121,41623,100901
2020-05-25,,,9,5,14,461,412,519,1255,403,2519,16487,6481,29489,69377,42027,103420
2020-05-26,,,9,4,14,470,417,533,1281,397,2624,16803,6425,30582,70658,42425,106043
2020-05-27,,,9,4,15,479,422,547,1308,394,2733,17131,6371,31736,71966,42819,108776
2020-05-28,,,9,4,15,488,427,561,1335,390,2841,17469,6316,32949,73300,43209,111616
2020-05-29,,,9,4,15,497,432,576,1363,387,2956,17818,6257,34219,74663,43597,114571
2020-05-30,,,9,4,15,507,436,590,1391,382,3077,18176,6194,35563,76054,43979,117648
2020-05-31,,,9,4,15,516,441,605,1420,376,3201,18544,6126,36962,77474,44355,120848
2020-06-01,,,10,4,16,526,445,620,1450,371,3324,18922,6057,38413,78924,44726,124172
2020-06-02,,,10,4,16,536,450,636,1480,365,3453,19309,5987,39940,80403,45092,127624
2020-06-03,,,10,4,17,545,454,652,1510,359,3586,19705,5918,41530,81913,45452,131209
2020-06-04,,,10,4,17,555,459,668,1539,353,3718,20108,5847,43169,83452,45805,134927
2020-06-05,,,10,4,17,566,463,685,1568,348,3845,20517,5773,44855,85020,46154,138771
2020-06-06,,,10,4,18,576,468,703,1594,344,3964,20929,5698,46577,86614,46498,142735
2020-06-07,,,11,4,19,587,472,721,1617,338,4074,21340,5623,48325,88231,46837,146808
2020-06-08,,,11,4,19,597,477,740,1636,333,4163,21746,5547,50070,89867,47171,150971
2020-06-09,,,11,4,20,608,481,759,1649,328,4230,22140,5472,51782,91516,47499,155201
2020-06-10,,,11,4,21,620,485,780,1658,323,4276,22516,5397,53434,93174,47823,159476
2020-06-11,,,11,4,22,631,490,801,1658,317,4295,22866,5321,54996,94832,48140,163771
2020-06-12,,,12,4,22,643,494,822,1657,312,4305,23189,5243,56460,96489,48453,168076
2020-06-13,,,12,4,23,654,498,845,1655,306,4312,23481,5162,57816,98144,48759,172387
2020-06-14,,,12,4,24,667,502,869,1652,300,4314,23742,5080,59054,99796,49059,176701
2020-06-15,,,12,4,25,679,506,893,1647,295,4312,23970,5000,60164,101444,49355,181012
2020-06-16,,,13,4,26,692,510,918,1641,290,4303,24161,4919,61143,103085,49646,185314
2020-06-17,,,13,3,27,704,514,945,1633,284,4290,24314,4838,61980,104718,49931,189603
2020-06-18,,,13,3,28,718,518,973,1625,277,4274,24429,4757,62669,106342,50209,193877
2020-06-19,,,13,3,29,731,522,1001,1615,271,4257,24505,4674,63207,107957,50480,198133
2020-06-20,,,14,3,30,745,526,1031,1605,265,4237,24543,4591,63599,109562,50745,202370
2020-06-21,,,14,3,32,759,530,1062,1594,259,4214,24542,4506,63849,111156,51005,206583
2020-06-22,,,14,3,33,773,533,1094,1582,252,4188,24507,4420,63964,112738,51257,210771
2020-06-23,,,15,3,34,787,537,1128,1569,245,4160,24439,4332,63961,114306,51503,214931
2020-06-24,,,15,3,35,802,541,1163,1555,238,4130,24345,4242,63861,115861,51742,219061
2020-06-25,,,15,3,36,817,544,1199,1540,232,4098,24228,4151,63683,117401,51974,223158
2020-06-26,,,15,3,38,833,548,1236,1525,226,4064,24095,4059,63452,118927,52200,227222
2020-06-27,,,16,3,39,848,551,1274,1510,219,4028,23948,3967,63174,120437,52420,231249
2020-06-28,,,16,3,40,864,555,1314,1493,213,3989,23786,3874,62851,121930,52633,235237
2020-06-29,,,16,3,41,880,558,1354,1477,207,3949,23610,3781,62485,123407,52841,239186
2020-06-30,,,16,3,42,897,562,1395,1459,200,3907,23422,3686,62080,124866,53041,243092
2020-07-01,,,16,3,42,913,565,1437,1441,194,3863,23222,3589,61640,126307,53236,246954
2020-07-02,,,16,3,43,929,568,1479,1422,188,3817,23011,3493,61168,127729,53424,250771
2020-07-03,,,16,3,43,946,571,1521,1403,182,3770,22790,3397,60663,129132,53606,254540
2020-07-04,,,16,3,43,962,574,1564,1384,176,3721,22559,3302,60127,130516,53783,258260
2020-07-05,,,16,3,43,979,577,1607,1364,171,3671,22318,3208,59561,131880,53954,261930
2020-07-06,,,16,2,43,995,580,1650,1343,165,3619,22067,3114,58966,133223,54119,265549
2020-07-07,,,16,2,43,1012,583,1693,1323,159,3566,21808,3020,58344,134546,54278,269114
2020-07-08,,,16,2,43,1028,586,1736,1301,153,3512,21541,2928,57695,135847,54432,272626
2020-07-09,,,16,2,43,1044,589,1779,1280,147,3457,21266,2837,57021,137127,54579,276082
2020-07-10,,,16,2,43,1060,592,1821,1258,142,3400,20984,2747,56323,138385,54721,279481
2020-07-11,,,16,2,43,1077,595,1864,1236,136,3343,20694,2657,55602,139621,54858,282824
2020-07-12,,,16,2,43,1093,597,1906,1214,131,3285,20398,2569,54859,140835,54989,286108
2020-07-13,,,16,2,43,1108,600,1948,1191,126,3225,20096,2482,54096,142026,55116,289333
2020-07-14,,,16,2,42,1124,602,1990,1168,121,3166,19788,2397,53313,143194,55238,292498
2020-07-15,,,16,2,42,1140,605,2031,1146,117,3105,19474,2313,52511,144340,55355,295603
2020-07-16,,,16,2,42,1155,607,2072,1123,112,3044,19156,2231,51693,145462,55467,298647
2020-07-17,,,15,2,41,1171,609,2113,1099,107,2983,18833,2150,50859,146562,55575,301629
2020-07-18,,,15,2,41,1186,612,2154,1076,103,2921,18506,2071,50010,147638,55678,304550
2020-07-19,,,15,2,41,1201,614,2194,1053,98,2859,18175,1994,49148,148691,55777,307408
2020-07-20,,,15,2,40,1216,616,2234,1030,95,2797,17841,1918,48275,149721,55872,310204
2020-07-21,,,15,2,40,1231,618,2273,1006,91,2734,17504,1844,47390,150727,55963,312938
2020-07-22,,,15,2,39,1245,620,2312,983,87,2672,17164,1772,46495,151710,56051,315609
2020-07-23,,,14,1,39,1260,622,2350,962,83,2615,16825,1702,45599,152672,56134,318224
2020-07-24,,,14,1,39,1274,624,2388,941,80,2559,16486,1635,44701,153613,56214,320782
2020-07-25,,,14,1,38,1288,626,2426,920,76,2503,16148,1569,43804,154533,56291,323285
2020-07-26,,,14,1,38,1302,627,2463,900,73,2447,15812,1506,42908,155433,56364,325731
2020-07-27,,,14,1,37,1315,629,2500,880,70,2392,15478,1445,42016,156313,56435,328123
2020-07-28,,,13,1,37,1328,631,2536,860,67,2340,15147,1386,41130,157173,56502,330462
2020-07-29,,,13,1,36,1342,632,2571,841,64,2288,14819,1328,40252,158014,56566,332750
2020-07-30,,,13,1,35,1355,634,2606,822,61,2237,14496,1273,39384,158836,56628,334987
2020-07-31,,,13,1,35,1367,635,2641,804,59,2187,14178,1220,38527,159640,56687,337173
2020-08-01,,,13,1,34,1380,637,2675,786,56,2138,13865,1169,37683,160427,56744,339311
2020-08-02,,,12,1,34,1392,638,2708,769,54,2091,13557,1120,36852,161195,56798,341402
2020-08-03,,,12,1,33,1404,640,2741,752,52,2044,13256,1073,36037,161947,56851,343445
2020-08-04,,,12,1,33,1416,641,2773,735,50,1998,12961,1028,35239,162682,56901,345442
