date,actual_deaths,total_deaths,predicted_deaths_mean,predicted_deaths_lower,predicted_deaths_upper,predicted_total_deaths_mean,predicted_total_deaths_lower,predicted_total_deaths_upper
2020-02-08,,,,,,,,
2020-02-09,,,,,,,,
2020-02-10,,,,,,,,
2020-02-11,,,,,,,,
2020-02-12,,,,,,,,
2020-02-13,,,,,,,,
2020-02-14,,,,,,,,
2020-02-15,,,,,,,,
2020-02-16,,,,,,,,
2020-02-17,,,,,,,,
2020-02-18,,,,,,,,
2020-02-19,,,,,,,,
2020-02-20,,,,,,,,
2020-02-21,,,,,,,,
2020-02-22,,,,,,,,
2020-02-23,,,,,,,,
2020-02-24,,,,,,,,
2020-02-25,,,,,,,,
2020-02-26,,,,,,,,
2020-02-27,,,,,,,,
2020-02-28,,,,,,,,
2020-02-29,,,,,,,,
2020-03-01,,,,,,,,
2020-03-02,,,,,,,,
2020-03-03,1,1,,,,,,
2020-03-04,1,2,,,,,,
2020-03-05,1,3,,,,,,
2020-03-06,2,5,,,,,,
2020-03-07,5,10,,,,,,
2020-03-08,7,17,,,,,,
2020-03-09,11,28,,,,,,
2020-03-10,7,35,,,,,,
2020-03-11,19,54,,,,,,
2020-03-12,1,55,,,,,,
2020-03-13,78,133,,,,,,
2020-03-14,62,195,,,,,,
2020-03-15,94,289,,,,,,
2020-03-16,53,342,,,,,,
2020-03-17,191,533,,,,,,
2020-03-18,90,623,,,,,,
2020-03-19,207,830,,,,,,
2020-03-20,213,1043,,,,,,
2020-03-21,332,1375,,,,,,
2020-03-22,381,1756,,,,,,
2020-03-23,555,2311,,,,,,
2020-03-24,497,2808,,,,,,
2020-03-25,839,3647,,,,,,
2020-03-26,718,4365,,,,,,
2020-03-27,773,5138,,,,,,
2020-03-28,844,5982,,,,,,
2020-03-29,821,6803,,,,,,
2020-03-30,913,7716,,,,,,
2020-03-31,748,8464,,,,,,
2020-04-01,923,9387,,,,,,
2020-04-02,961,10348,,,,,,
2020-04-03,850,11198,,,,,,
2020-04-04,749,11947,,,,,,
2020-04-05,694,12641,,,,,,
2020-04-06,700,13341,,,,,,
2020-04-07,704,14045,,,,,,
2020-04-08,747,14792,,,,,,
2020-04-09,655,15447,,,,,,
2020-04-10,634,16081,,,,,,
2020-04-11,525,16606,,,,,,
2020-04-12,603,17209,,,,,,
2020-04-13,547,17756,,,,,,
2020-04-14,300,18056,,,,,,
2020-04-15,652,18708,,,,,,
2020-04-16,607,19315,,,,,,
2020-04-17,687,20002,,,,,,
2020-04-18,41,20043,,,,,,
2020-04-19,410,20453,,,,,,
2020-04-20,399,20852,,,,,,
2020-04-21,430,21282,,,,,,
2020-04-22,,,371,276,512,21653,21558,21794
2020-04-23,,,355,260,500,22008,21818,22295
2020-04-24,,,340,245,487,22348,22063,22782
2020-04-25,,,326,231,475,22674,22295,23256
2020-04-26,,,313,219,463,22987,22513,23720
2020-04-27,,,300,207,453,23287,22720,24173
2020-04-28,,,287,196,440,23574,22916,24613
2020-04-29,,,276,186,431,23850,23102,25044
2020-04-30,,,264,176,419,24114,23278,25463
2020-05-01,,,254,167,410,24368,23445,25873
2020-05-02,,,243,158,400,24611,23602,26272
2020-05-03,,,233,150,390,24844,23752,26662
2020-05-04,,,224,142,382,25068,23894,27044
2020-05-05,,,215,135,374,25283,24029,27418
2020-05-06,,,206,127,365,25490,24156,27782
2020-05-07,,,198,120,355,25688,24276,28137
2020-05-08,,,190,113,344,25878,24389,28482
2020-05-09,,,183,107,335,26061,24497,28817
2020-05-10,,,176,101,327,26236,24598,29144
2020-05-11,,,169,96,319,26405,24694,29463
2020-05-12,,,162,91,312,26567,24784,29774
2020-05-13,,,156,86,304,26723,24870,30079
2020-05-14,,,150,81,297,26873,24951,30376
2020-05-15,,,144,77,290,27016,25028,30666
2020-05-16,,,138,73,282,27155,25100,30948
2020-05-17,,,133,69,275,27288,25169,31223
2020-05-18,,,128,65,268,27416,25234,31491
2020-05-19,,,123,62,261,27539,25296,31752
2020-05-20,,,118,58,254,27658,25354,32006
2020-05-21,,,114,55,247,27772,25409,32253
2020-05-22,,,110,52,241,27881,25462,32494
2020-05-23,,,106,50,234,27987,25511,32728
2020-05-24,,,102,47,228,28089,25558,32956
2020-05-25,,,98,45,222,28187,25603,33178
2020-05-26,,,94,42,216,28281,25645,33395
2020-05-27,,,91,40,211,28372,25686,33605
2020-05-28,,,88,38,205,28460,25724,33810
2020-05-29,,,84,36,200,28544,25760,34010
2020-05-30,,,81,35,194,28625,25795,34204
2020-05-31,,,78,33,189,28704,25828,34394
2020-06-01,,,76,31,185,28779,25859,34578
2020-06-02,,,73,30,180,28852,25888,34759
2020-06-03,,,70,28,176,28923,25917,34934
2020-06-04,,,68,27,171,28990,25944,35106
2020-06-05,,,65,26,167,29056,25969,35273
2020-06-06,,,63,24,163,29119,25993,35435
2020-06-07,,,61,23,159,29180,26017,35594
2020-06-08,,,59,22,155,29238,26039,35749
2020-06-09,,,57,21,151,29295,26060,35900
2020-06-10,,,55,20,147,29350,26080,36047
2020-06-11,,,53,19,143,29403,26099,36190
2020-06-12,,,51,18,140,29454,26117,36330
2020-06-13,,,49,17,136,29503,26134,36466
2020-06-14,,,47,17,133,29550,26151,36599
2020-06-15,,,46,16,130,29596,26167,36729
2020-06-16,,,44,15,126,29640,26182,36855
2020-06-17,,,43,14,123,29683,26196,36978
2020-06-18,,,41,14,121,29724,26210,37099
2020-06-19,,,40,13,119,29765,26224,37218
2020-06-20,,,39,13,116,29804,26237,37334
2020-06-21,,,39,13,116,29843,26249,37450
2020-06-22,,,39,13,118,29882,26262,37568
2020-06-23,,,39,13,121,29921,26275,37689
2020-06-24,,,39,13,122,29959,26288,37811
2020-06-25,,,38,13,121,29998,26301,37932
2020-06-26,,,38,13,121,30036,26313,38053
2020-06-27,,,39,12,115,30075,26326,38168
2020-06-28,,,39,12,116,30114,26338,38284
2020-06-29,,,39,12,117,30153,26349,38402
2020-06-30,,,39,11,120,30192,26360,38522
2020-07-01,,,39,11,122,30231,26371,38644
2020-07-02,,,39,10,122,30270,26381,38767
2020-07-03,,,40,10,126,30310,26391,38893
2020-07-04,,,40,10,129,30350,26401,39022
2020-07-05,,,40,9,133,30390,26410,39155
2020-07-06,,,40,9,135,30430,26419,39290
2020-07-07,,,41,8,138,30471,26427,39428
2020-07-08,,,41,8,141,30512,26435,39569
2020-07-09,,,41,8,145,30554,26443,39714
2020-07-10,,,42,7,149,30595,26450,39864
2020-07-11,,,42,7,154,30637,26457,40017
2020-07-12,,,43,7,158,30680,26464,40175
2020-07-13,,,43,6,163,30723,26470,40338
2020-07-14,,,44,6,167,30767,26476,40505
2020-07-15,,,44,6,171,30811,26482,40676
2020-07-16,,,45,5,175,30855,26487,40851
2020-07-17,,,45,5,180,30900,26492,41031
2020-07-18,,,46,5,185,30946,26497,41216
2020-07-19,,,46,5,190,30993,26502,41406
2020-07-20,,,47,4,196,31040,26506,41602
2020-07-21,,,48,4,201,31088,26511,41803
2020-07-22,,,49,4,206,31136,26515,42009
2020-07-23,,,49,4,212,31186,26518,42221
2020-07-24,,,50,4,217,31236,26522,42439
2020-07-25,,,51,3,224,31287,26525,42662
2020-07-26,,,52,3,230,31339,26529,42892
2020-07-27,,,53,3,236,31392,26532,43128
2020-07-28,,,54,3,243,31446,26535,43371
2020-07-29,,,55,3,250,31501,26538,43621
2020-07-30,,,56,3,257,31557,26540,43878
2020-07-31,,,57,3,264,31614,26543,44142
2020-08-01,,,58,2,272,31672,26545,44414
2020-08-02,,,59,2,279,31732,26548,44693
2020-08-03,,,61,2,287,31792,26550,44980
2020-08-04,,,62,2,295,31854,26552,45275
