date,actual_deaths,total_deaths,predicted_deaths_mean,predicted_deaths_lower,predicted_deaths_upper,predicted_total_deaths_mean,predicted_total_deaths_lower,predicted_total_deaths_upper,predicted_new_infected_mean,predicted_new_infected_lower,predicted_new_infected_upper,predicted_current_infected_mean,predicted_current_infected_lower,predicted_current_infected_upper,predicted_total_infected_mean,predicted_total_infected_lower,predicted_total_infected_upper,r_values_mean
2020-03-03,,,,,,,,,33,10,40,33,10,40,33,10,40,1.52456140351
2020-03-04,,,,,,,,,33,10,40,67,20,80,67,20,80,1.5179801051
2020-03-05,,,,,,,,,33,10,40,100,30,120,100,30,120,1.51649788194
2020-03-06,,,,,,,,,33,10,40,133,40,160,133,40,160,1.51467425034
2020-03-07,,,,,,,,,33,10,40,166,50,200,166,50,200,1.51242653053
2020-03-08,,,,,,,,,33,10,40,200,60,240,200,60,240,1.50964995448
2020-03-09,,,,,,,,,33,10,40,233,70,280,233,70,280,1.50621087865
2020-03-10,,,,,,,,,33,10,40,266,80,320,266,80,320,1.50193775564
2020-03-11,,,,,,,,,33,10,40,300,90,360,300,90,360,1.49660938791
2020-03-12,,,,,,,,,81,31,116,381,121,476,381,121,476,1.48979768184
2020-03-13,,,,,,,,,81,31,115,461,153,590,461,153,590,1.4814052999
2020-03-14,,,,,,,,,83,34,120,545,187,710,545,187,710,1.47081992713
2020-03-15,,,,,,,,,90,38,132,634,226,842,634,226,842,1.45751037772
2020-03-16,,,,,,,,,103,48,156,737,275,997,737,275,997,1.44083993804
2020-03-17,,,,,,,,,122,63,191,859,338,1188,859,338,1188,1.42016250703
2020-03-18,,,,,,,,,136,75,213,962,404,1361,995,414,1401,1.39494408802
2020-03-19,,,,,,,,,146,87,226,1074,482,1546,1141,502,1626,1.36492847668
2020-03-20,,,,,,,,,156,97,239,1197,569,1745,1297,599,1865,1.3302878447
2020-03-21,,,,,,,,,166,104,250,1329,663,1955,1463,703,2115,1.29165989044
2020-03-22,,,,,,,,,178,114,262,1474,768,2176,1640,818,2376,1.25005714161
2020-03-23,,,,,,,,,188,126,271,1628,885,2406,1828,945,2646,1.20668594937
2020-03-24,,,,,,,,,195,132,275,1790,1007,2641,2023,1077,2921,1.16275659198
2020-03-25,,,,,,,,,201,138,279,1958,1136,2879,2224,1216,3199,1.11935882486
2020-03-26,,,,,,,,,205,145,278,2130,1271,3117,2430,1361,3477,1.07741516262
2020-03-27,1,1,,,,,,,209,148,281,2258,1388,3282,2639,1510,3757,1.03769232526
2020-03-28,0,1,,,,,,,212,152,281,2389,1508,3447,2851,1662,4037,1.00083138248
2020-03-29,2,3,,,,,,,213,155,278,2519,1630,3605,3064,1818,4315,0.967362156324
2020-03-30,0,3,,,,,,,213,157,277,2642,1749,3750,3277,1975,4591,0.937685023885
2020-03-31,2,5,,,,,,,212,158,278,2752,1859,3872,3489,2134,4869,0.91202470077
2020-04-01,0,5,,,,,,,211,159,279,2841,1955,3960,3700,2294,5148,0.890384640618
2020-04-02,2,7,,,,,,,209,159,276,2914,2038,4022,3909,2453,5423,0.872539493582
2020-04-03,2,9,,,,,,,207,157,271,2976,2109,4068,4117,2611,5694,0.858082665014
2020-04-04,1,10,,,,,,,205,157,267,3024,2169,4096,4321,2768,5960,0.846510529621
2020-04-05,0,10,,,,,,,202,156,263,3060,2221,4109,4523,2925,6223,0.837306631479
2020-04-06,0,10,,,,,,,199,153,256,3081,2260,4103,4722,3078,6478,0.829999831142
2020-04-07,2,12,,,,,,,196,151,248,3089,2285,4080,4917,3230,6726,0.824191389319
2020-04-08,2,14,,,,,,,193,150,242,3087,2303,4047,5110,3380,6968,0.819559179235
2020-04-09,2,16,,,,,,,190,147,238,3076,2312,4007,5300,3528,7206,0.815849787384
2020-04-10,1,17,,,,,,,187,145,234,3057,2312,3963,5486,3674,7439,0.812866392739
2020-04-11,2,19,,,,,,,183,142,230,3031,2306,3912,5670,3816,7669,0.810456696084
2020-04-12,0,19,,,,,,,180,140,226,2999,2294,3857,5850,3957,7894,0.808502630885
2020-04-13,0,19,,,,,,,177,138,220,2963,2277,3799,6027,4095,8114,0.806912220737
2020-04-14,1,20,,,,,,,174,135,215,2924,2255,3737,6201,4231,8328,0.805613370084
2020-04-15,4,24,,,,,,,171,133,209,2883,2230,3668,6372,4364,8537,0.804549204768
2020-04-16,3,27,,,,,,,168,131,205,2840,2201,3594,6540,4496,8741,0.803674587542
2020-04-17,2,29,,,,,,,165,128,201,2795,2171,3520,6705,4625,8942,0.80295350285
2020-04-18,3,32,,,,,,,162,126,198,2750,2140,3446,6867,4751,9139,0.802357079715
2020-04-19,2,34,,,,,,,159,124,195,2705,2107,3374,7026,4876,9334,0.801862083821
2020-04-20,1,35,,,,,,,156,122,192,2660,2073,3302,7182,4998,9525,0.801449756636
2020-04-21,1,36,,,,,,,153,119,190,2614,2039,3236,7336,5118,9714,0.801104913223
2020-04-22,3,39,,,,,,,151,116,188,2569,2004,3176,7487,5235,9902,0.800815234912
2020-04-23,5,44,,,,,,,148,113,186,2524,1967,3120,7634,5348,10087,0.800570710547
2020-04-24,3,47,,,,,,,145,110,182,2480,1930,3064,7780,5459,10269,0.800363192388
2020-04-25,0,47,,,,,,,143,107,179,2436,1892,3009,7922,5566,10447,0.800186041372
2020-04-26,3,50,,,,,,,140,104,176,2393,1854,2954,8062,5670,10622,0.800033842504
2020-04-27,1,51,,,,,,,137,101,172,2350,1815,2901,8200,5772,10794,0.799902175649
2020-04-28,0,51,,,,,,,135,99,170,2308,1777,2850,8335,5872,10963,0.79978743034
2020-04-29,1,52,,,,,,,132,97,168,2266,1739,2803,8467,5970,11131,0.799686655775
2020-04-30,1,53,,,,,,,130,95,166,2225,1701,2760,8597,6066,11296,0.799597439101
2020-05-01,2,55,,,,,,,127,93,164,2184,1663,2719,8724,6159,11460,0.799517806499
2020-05-02,1,56,,,,,,,125,92,162,2144,1626,2680,8849,6251,11622,0.799446142695
2020-05-03,1,57,,,,,,,123,90,161,2105,1590,2643,8972,6342,11782,0.799375742304
2020-05-04,0,57,,,,,,,120,87,159,2066,1552,2607,9092,6429,11940,0.799315119334
2020-05-05,4,61,,,,,,,118,84,157,2028,1514,2572,9210,6513,12096,0.799262680659
2020-05-06,1,62,,,,,,,116,81,155,1990,1476,2537,9325,6595,12251,0.799222810559
2020-05-07,0,62,,,,,,,113,79,153,1952,1439,2502,9439,6675,12403,0.79919120133
2020-05-08,1,63,,,,,,,111,76,151,1915,1403,2467,9550,6751,12554,0.799169163413
2020-05-09,1,64,,,,,,,109,74,149,1879,1367,2434,9658,6826,12703,0.799154847623
2020-05-10,0,64,,,,,,,106,72,147,1843,1331,2402,9765,6898,12849,0.799145587319
2020-05-11,1,65,,,,,,,104,69,145,1807,1297,2372,9869,6968,12993,0.799142343037
2020-05-12,0,65,,,,,,,102,67,143,1771,1262,2342,9971,7035,13136,0.799146288406
2020-05-13,1,66,,,,,,,100,65,141,1736,1228,2313,10071,7101,13276,0.799158856559
2020-05-14,3,69,,,,,,,98,63,139,1702,1194,2284,10169,7164,13414,0.799181796692
2020-05-15,0,69,,,,,,,96,61,137,1668,1159,2255,10264,7225,13551,0.799217242698
2020-05-16,1,70,,,,,,,93,59,135,1634,1125,2226,10358,7285,13685,0.799267796373
2020-05-17,0,70,,,,,,,91,57,133,1600,1090,2197,10449,7342,13818,0.799336628111
2020-05-18,1,71,,,,,,,89,55,131,1567,1056,2167,10538,7398,13949,0.7994275985
2020-05-19,2,73,,,,,,,87,53,130,1533,1022,2138,10626,7451,14078,0.799545404829
2020-05-20,0,73,,,,,,,85,51,128,1501,989,2109,10711,7503,14205,0.799695756994
2020-05-21,0,73,,,,,,,83,50,125,1468,958,2079,10794,7554,14330,0.799885587897
2020-05-22,2,75,,,,,,,81,48,123,1436,927,2049,10875,7602,14452,0.800123303823
2020-05-23,2,77,,,,,,,79,46,121,1404,897,2019,10954,7649,14572,0.800419080544
2020-05-24,1,78,,,,,,,77,45,118,1372,868,1988,11031,7694,14690,0.800785210723
2020-05-25,0,78,,,,,,,75,43,116,1341,840,1957,11106,7738,14805,0.801236507389
2020-05-26,1,79,,,,,,,73,42,113,1309,812,1925,11179,7780,14918,0.801790766389
2020-05-27,2,81,,,,,,,71,40,111,1278,785,1894,11250,7821,15029,0.802469287264
2020-05-28,3,84,,,,,,,69,39,109,1248,759,1862,11319,7860,15137,0.803297446214
2020-05-29,1,85,,,,,,,67,37,106,1217,733,1829,11386,7897,15243,0.804305305729
2020-05-30,4,89,,,,,,,65,36,104,1187,708,1796,11451,7934,15346,0.805528231885
2020-05-31,0,89,,,,,,,64,34,102,1157,683,1763,11515,7968,15447,0.807007470931
2020-06-01,0,89,,,,,,,62,33,99,1128,659,1729,11577,8002,15546,0.808790610422
2020-06-02,5,94,,,,,,,60,32,97,1098,636,1694,11637,8034,15643,0.810931816099
2020-06-03,1,95,,,,,,,59,31,95,1070,613,1660,11695,8065,15738,0.813491694781
2020-06-04,0,95,,,,,,,57,30,94,1042,591,1627,11753,8095,15831,0.816536577925
2020-06-05,3,98,,,,,,,56,29,92,1015,571,1594,11809,8125,15923,0.820136935212
2020-06-06,0,98,,,,,,,55,28,91,989,550,1562,11863,8153,16014,0.824364996866
2020-06-07,1,99,,,,,,,54,27,90,964,531,1531,11917,8181,16103,0.829290787998
2020-06-08,0,99,,,,,,,53,27,89,939,513,1502,11970,8208,16192,0.834976820423
2020-06-09,1,100,,,,,,,52,26,89,917,496,1475,12022,8234,16280,0.841471369596
2020-06-10,0,100,,,,,,,51,26,88,895,480,1450,12074,8260,16368,0.848800680705
2020-06-11,0,100,,,,,,,51,25,88,875,465,1427,12125,8286,16456,0.856960847328
2020-06-12,0,100,,,,,,,50,25,89,856,452,1407,12175,8312,16544,0.865910495156
2020-06-13,0,100,,,,,,,50,25,89,839,440,1390,12225,8337,16632,0.8755657805
2020-06-14,0,100,,,,,,,50,25,90,824,429,1376,12275,8363,16722,0.885799262443
2020-06-15,1,101,,,,,,,50,25,91,810,420,1365,12325,8389,16812,0.896443819572
2020-06-16,0,101,,,,,,,50,25,92,799,412,1358,12375,8414,16904,0.907301958056
2020-06-17,1,102,,,,,,,50,25,94,789,405,1355,12426,8440,16997,0.918159689829
2020-06-18,0,102,,,,,,,51,25,96,781,400,1355,12476,8466,17092,0.928803043255
2020-06-19,0,102,,,,,,,51,26,98,775,396,1359,12527,8492,17190,0.939034571747
2020-06-20,0,102,,,,,,,51,26,99,770,393,1366,12579,8518,17289,0.948687225063
2020-06-21,0,102,,,,,,,52,26,101,767,391,1376,12631,8545,17389,0.957633647588
2020-06-22,0,102,,,,,,,53,26,104,766,391,1390,12683,8572,17493,0.965790090912
2020-06-23,0,102,,,,,,,53,27,106,767,391,1407,12737,8599,17599,0.973115279408
2020-06-24,1,103,,,,,,,54,27,109,769,392,1428,12791,8627,17707,0.979605407621
2020-06-25,0,103,,,,,,,55,27,112,772,394,1452,12846,8655,17819,0.985286820995
2020-06-26,0,103,,,,,,,56,28,116,777,396,1479,12901,8683,17934,0.990207875968
2020-06-27,,,0,0,1,103,103,104,57,27,119,783,398,1510,12958,8710,18053,
2020-06-28,,,0,0,1,104,103,104,58,27,122,791,400,1543,13016,8738,18175,
2020-06-29,,,0,0,1,104,103,105,59,27,126,799,402,1579,13074,8766,18300,
2020-06-30,,,0,0,1,104,103,105,60,27,130,809,404,1618,13134,8793,18430,
2020-07-01,,,0,0,1,104,103,106,61,27,134,820,406,1660,13195,8820,18563,
2020-07-02,,,0,0,1,105,103,106,62,27,138,831,407,1704,13257,8848,18701,
2020-07-03,,,0,0,1,105,104,107,63,27,142,844,408,1751,13320,8875,18843,
2020-07-04,,,0,0,1,105,104,107,64,26,147,857,409,1800,13384,8902,18989,
2020-07-05,,,0,0,1,106,104,108,65,26,152,871,410,1852,13450,8928,19140,
2020-07-06,,,0,0,1,106,104,108,67,26,156,886,410,1907,13516,8955,19296,
2020-07-07,,,0,0,1,106,104,109,68,26,161,901,409,1964,13584,8982,19456,
2020-07-08,,,0,0,1,107,104,110,69,26,165,917,409,2023,13654,9008,19621,
2020-07-09,,,0,0,1,107,104,110,71,26,170,934,407,2083,13724,9034,19790,
2020-07-10,,,0,0,1,107,105,111,72,26,175,951,405,2145,13796,9060,19964,
2020-07-11,,,0,0,1,107,105,111,73,25,180,968,403,2210,13870,9086,20143,
2020-07-12,,,0,0,1,108,105,112,75,25,185,986,401,2275,13945,9112,20328,
2020-07-13,,,0,0,1,108,105,113,76,25,190,1005,399,2343,14021,9138,20517,
2020-07-14,,,0,0,1,108,105,113,78,25,196,1024,397,2413,14099,9163,20712,
2020-07-15,,,0,0,1,109,105,114,79,25,201,1044,395,2484,14178,9189,20913,
2020-07-16,,,0,0,1,109,106,115,81,25,207,1064,393,2557,14259,9214,21120,
2020-07-17,,,0,0,1,109,106,115,82,25,212,1084,391,2631,14341,9239,21331,
2020-07-18,,,0,0,1,110,106,116,84,25,218,1105,389,2707,14425,9264,21549,
2020-07-19,,,0,0,1,110,106,117,85,24,224,1126,387,2784,14510,9289,21772,
2020-07-20,,,0,0,1,110,106,117,87,24,229,1147,385,2861,14597,9314,22001,
2020-07-21,,,0,0,1,111,106,118,88,24,235,1169,383,2940,14685,9338,22235,
2020-07-22,,,0,0,1,111,107,119,89,24,241,1190,380,3020,14774,9362,22476,
2020-07-23,,,0,0,1,112,107,120,91,23,247,1212,378,3102,14865,9386,22722,
2020-07-24,,,0,0,1,112,107,121,92,23,253,1233,375,3185,14957,9410,22974,
2020-07-25,,,0,0,1,112,107,121,93,23,258,1255,373,3268,15051,9434,23232,
2020-07-26,,,0,0,1,113,107,122,95,23,264,1276,370,3353,15146,9457,23496,
2020-07-27,,,0,0,1,113,107,123,96,23,270,1297,367,3438,15242,9480,23765,
2020-07-28,,,0,0,1,113,108,124,97,22,276,1318,365,3524,15339,9503,24041,
2020-07-29,,,0,0,1,114,108,125,98,22,282,1339,362,3610,15437,9525,24322,
2020-07-30,,,0,0,1,114,108,126,100,22,288,1359,359,3697,15537,9548,24609,
2020-07-31,,,0,0,1,115,108,127,101,22,294,1379,356,3784,15638,9570,24903,
2020-08-01,,,0,0,1,115,108,128,102,21,300,1399,352,3872,15740,9592,25202,
2020-08-02,,,0,0,2,115,108,129,103,21,307,1418,349,3960,15843,9613,25509,
2020-08-03,,,0,0,2,116,108,130,104,21,313,1437,345,4050,15947,9635,25821,
2020-08-04,,,0,0,2,116,109,131,105,21,319,1455,342,4139,16052,9656,26140,
2020-08-05,,,0,0,2,117,109,132,106,21,326,1473,339,4230,16158,9677,26465,
2020-08-06,,,0,0,2,117,109,133,107,20,332,1491,335,4321,16265,9698,26796,
2020-08-07,,,0,0,2,117,109,134,108,20,338,1508,332,4412,16373,9719,27134,
2020-08-08,,,0,0,2,118,109,135,109,20,344,1525,328,4504,16482,9739,27478,
2020-08-09,,,0,0,2,118,109,136,110,20,351,1541,325,4596,16592,9759,27828,
2020-08-10,,,0,0,2,119,109,138,110,19,357,1557,322,4689,16702,9779,28184,
2020-08-11,,,0,0,2,119,110,139,111,19,363,1572,318,4782,16813,9799,28547,
2020-08-12,,,0,0,2,120,110,140,112,19,369,1587,315,4876,16925,9818,28916,
2020-08-13,,,0,0,2,120,110,141,113,19,376,1601,312,4969,17038,9837,29291,
2020-08-14,,,0,0,2,121,110,143,113,19,382,1614,308,5063,17151,9857,29672,
2020-08-15,,,0,0,2,121,110,144,114,18,388,1627,305,5157,17265,9875,30059,
2020-08-16,,,0,0,2,122,110,145,115,18,393,1640,302,5250,17380,9894,30452,
2020-08-17,,,0,0,2,122,110,147,115,18,397,1652,299,5340,17495,9913,30848,
2020-08-18,,,0,0,2,123,110,148,116,18,400,1663,295,5427,17610,9931,31248,
2020-08-19,,,0,0,2,123,111,149,116,18,403,1674,292,5511,17727,9949,31651,
2020-08-20,,,0,0,2,124,111,151,117,17,406,1685,289,5592,17843,9967,32056,
2020-08-21,,,1,0,2,124,111,152,117,17,410,1695,286,5670,17960,9985,32466,
2020-08-22,,,1,0,2,125,111,154,117,17,415,1704,283,5748,18077,10002,32881,
2020-08-23,,,1,0,2,125,111,155,118,17,421,1713,280,5824,18195,10019,33301,
2020-08-24,,,1,0,2,126,111,157,118,17,426,1721,277,5899,18313,10036,33727,
2020-08-25,,,1,0,2,126,111,158,118,16,431,1729,274,5974,18431,10053,34157,
2020-08-26,,,1,0,2,127,111,160,119,16,436,1737,271,6047,18550,10070,34593,
2020-08-27,,,1,0,2,127,111,162,119,16,440,1744,268,6118,18669,10087,35033,
2020-08-28,,,1,0,2,128,111,163,119,16,442,1750,265,6184,18788,10103,35474,
2020-08-29,,,1,0,2,128,112,165,119,16,443,1756,262,6246,18907,10119,35917,
2020-08-30,,,1,0,2,129,112,166,120,16,446,1762,259,6304,19027,10135,36362,
2020-08-31,,,1,0,2,129,112,168,120,15,449,1767,257,6360,19147,10151,36811,
2020-09-01,,,1,0,2,130,112,170,120,15,452,1772,254,6415,19267,10167,37263,
2020-09-02,,,1,0,2,130,112,172,120,15,455,1776,251,6471,19387,10182,37718,
2020-09-03,,,1,0,2,131,112,173,120,15,456,1780,248,6524,19507,10198,38174,
2020-09-04,,,1,0,2,131,112,175,120,15,456,1784,245,6573,19627,10213,38629,
2020-09-05,,,1,0,2,132,112,177,120,14,456,1787,243,6619,19747,10228,39084,
2020-09-06,,,1,0,2,132,112,179,120,14,457,1790,240,6660,19868,10243,39541,
2020-09-07,,,1,0,2,133,112,180,120,14,457,1793,237,6697,19988,10257,39997,
2020-09-08,,,1,0,2,134,113,182,120,14,458,1795,235,6728,20108,10272,40454,
2020-09-09,,,1,0,2,134,113,184,120,14,458,1797,232,6755,20229,10286,40911,
2020-09-10,,,1,0,2,135,113,186,120,14,458,1799,230,6777,20349,10300,41369,
2020-09-11,,,1,0,2,135,113,188,120,14,459,1801,227,6796,20470,10314,41828,
2020-09-12,,,1,0,2,136,113,190,120,13,460,1802,225,6814,20590,10328,42288,
2020-09-13,,,1,0,2,136,113,192,120,13,461,1803,222,6831,20711,10342,42748,
2020-09-14,,,1,0,2,137,113,193,120,13,462,1804,220,6847,20831,10356,43209,
2020-09-15,,,1,0,2,137,113,195,120,13,462,1805,217,6860,20951,10369,43670,
2020-09-16,,,1,0,2,138,113,197,120,13,461,1805,215,6868,21072,10382,44131,
2020-09-17,,,1,0,2,138,113,199,120,13,461,1805,212,6873,21192,10395,44591,
2020-09-18,,,1,0,2,139,113,201,120,13,460,1805,210,6877,21312,10408,45050,
2020-09-19,,,1,0,2,139,113,203,120,12,459,1805,208,6881,21432,10421,45509,
2020-09-20,,,1,0,2,140,113,205,120,12,458,1805,206,6882,21552,10434,45966,
2020-09-21,,,1,0,2,140,113,207,120,12,457,1805,204,6883,21672,10447,46423,
2020-09-22,,,1,0,2,141,114,209,120,12,457,1804,202,6883,21792,10460,46880,
2020-09-23,,,1,0,2,141,114,211,120,12,458,1803,200,6884,21912,10472,47338,
2020-09-24,,,1,0,2,142,114,213,120,12,459,1803,198,6885,22031,10485,47796,
2020-09-25,,,1,0,2,142,114,215,120,12,463,1802,197,6890,22151,10498,48259,
2020-09-26,,,1,0,2,143,114,216,120,12,465,1801,195,6896,22271,10510,48723,
2020-09-27,,,1,0,2,143,114,218,120,12,467,1801,194,6903,22391,10523,49190,
2020-09-28,,,1,0,2,144,114,220,120,12,468,1800,193,6910,22511,10535,49657,
2020-09-29,,,0,0,2,144,114,222,120,12,469,1800,192,6918,22631,10548,50126,
2020-09-30,,,0,0,2,145,114,224,120,12,469,1799,191,6925,22751,10560,50595,
2020-10-01,,,0,0,2,145,114,226,120,12,473,1799,190,6937,22871,10573,51068,
