date,actual_deaths,total_deaths,predicted_deaths_mean,predicted_deaths_lower,predicted_deaths_upper,predicted_total_deaths_mean,predicted_total_deaths_lower,predicted_total_deaths_upper,predicted_new_infected_mean,predicted_new_infected_lower,predicted_new_infected_upper,predicted_current_infected_mean,predicted_current_infected_lower,predicted_current_infected_upper,predicted_total_infected_mean,predicted_total_infected_lower,predicted_total_infected_upper,r_values_mean
2020-02-18,,,,,,,,,49,40,60,49,40,60,49,40,60,1.40306091514
2020-02-19,,,,,,,,,49,40,60,99,80,120,99,80,120,1.4030493434
2020-02-20,,,,,,,,,49,40,60,148,120,180,148,120,180,1.40304528905
2020-02-21,,,,,,,,,49,40,60,197,160,240,197,160,240,1.40303981253
2020-02-22,,,,,,,,,49,40,60,246,200,300,246,200,300,1.40303241396
2020-02-23,,,,,,,,,49,40,60,296,240,360,296,240,360,1.40302241712
2020-02-24,,,,,,,,,49,40,60,345,280,420,345,280,420,1.40300890689
2020-02-25,,,,,,,,,49,40,60,394,320,480,394,320,480,1.40299064424
2020-02-26,,,,,,,,,49,40,60,444,360,540,444,360,540,1.4029659507
2020-02-27,,,,,,,,,118,95,144,561,455,684,561,455,684,1.40293255103
2020-02-28,,,,,,,,,117,95,144,679,551,828,679,551,828,1.40288735888
2020-02-29,,,,,,,,,122,99,149,800,650,977,800,650,977,1.40282618429
2020-03-01,,,,,,,,,131,106,161,931,757,1137,931,757,1137,1.40274333405
2020-03-02,,,,,,,,,150,122,184,1081,879,1320,1081,879,1320,1.40263106507
2020-03-03,,,,,,,,,179,146,220,1260,1026,1540,1260,1026,1540,1.40247883583
2020-03-04,,,,,,,,,202,164,248,1412,1150,1727,1462,1190,1787,1.40227228048
2020-03-05,,,,,,,,,220,179,270,1583,1290,1936,1681,1370,2056,1.40199180253
2020-03-06,,,,,,,,,240,195,295,1774,1446,2171,1921,1566,2351,1.40161064738
2020-03-07,,,,,,,,,264,214,324,1988,1620,2434,2185,1780,2674,1.40109226431
2020-03-08,,,,,,,,,293,238,359,2231,1819,2733,2478,2019,3033,1.40038670589
2020-03-09,,,,,,,,,323,262,396,2505,2042,3068,2801,2282,3428,1.39942573831
2020-03-10,,,,,,,,,353,286,433,2808,2289,3441,3153,2569,3861,1.39811625998
2020-03-11,,,,,,,,,384,311,471,3143,2560,3851,3537,2880,4331,1.39633158481
2020-03-12,,,,,,,,,417,337,513,3511,2858,4303,3954,3218,4843,1.39390024886
2020-03-13,1,1,,,,,,,454,366,558,3847,3129,4717,4408,3585,5401,1.39059253068
2020-03-14,0,1,,,,,,,493,397,607,4222,3430,5181,4901,3982,6008,1.38610649629
2020-03-15,0,1,,,,,,,533,426,659,4634,3758,5690,5434,4409,6667,1.38005927865
2020-03-16,0,1,,,,,,,574,452,720,5077,4104,6250,6008,4861,7387,1.37199652799
2020-03-17,1,2,,,,,,,616,474,792,5543,4456,6858,6624,5336,8178,1.36144098137
2020-03-18,0,2,,,,,,,659,500,868,6023,4811,7506,7283,5837,9045,1.34799739899
2020-03-19,0,2,,,,,,,701,523,944,6523,5170,8203,7984,6360,9989,1.33149698772
2020-03-20,1,3,,,,,,,743,544,1018,7046,5535,8951,8727,6905,11006,1.3121105819
2020-03-21,0,3,,,,,,,783,567,1091,7588,5906,9747,9510,7472,12097,1.29035178118
2020-03-22,0,3,,,,,,,821,589,1169,8145,6281,10592,10330,8062,13265,1.26696457035
2020-03-23,0,3,,,,,,,857,612,1231,8709,6655,11463,11187,8674,14495,1.24276756193
2020-03-24,0,3,,,,,,,890,634,1270,9277,7027,12337,12077,9309,15765,1.21853230286
2020-03-25,2,5,,,,,,,922,657,1300,9845,7397,13204,12999,9966,17064,1.19492876034
2020-03-26,0,5,,,,,,,950,679,1360,10412,7765,14092,13949,10646,18423,1.17252757395
2020-03-27,0,5,,,,,,,977,701,1393,10972,8128,14972,14926,11347,19815,1.15182604582
2020-03-28,4,9,,,,,,,1002,723,1435,11519,8485,15849,15928,12070,21250,1.13326021268
2020-03-29,1,10,,,,,,,1025,745,1450,12051,8834,16692,16952,12816,22700,1.11717515869
2020-03-30,3,13,,,,,,,1046,763,1480,12565,9170,17513,17999,13580,24179,1.10375693883
2020-03-31,4,17,,,,,,,1067,783,1491,13058,9501,18284,19066,14363,25670,1.09297376848
2020-04-01,3,20,,,,,,,1088,805,1502,13530,9832,18994,20154,15169,27171,1.08458361685
2020-04-02,2,22,,,,,,,1108,828,1522,13979,10160,19648,21262,15997,28693,1.07821250362
2020-04-03,5,27,,,,,,,1128,850,1535,14406,10487,20239,22390,16848,30228,1.07345227511
2020-04-04,5,32,,,,,,,1147,869,1545,14810,10812,20766,23537,17718,31772,1.0699298535
2020-04-05,5,37,,,,,,,1167,891,1553,15194,11136,21228,24704,18609,33324,1.06733701501
2020-04-06,1,38,,,,,,,1187,915,1550,15560,11462,21609,25891,19524,34874,1.06543330634
2020-04-07,7,45,,,,,,,1206,937,1546,15910,11787,21925,27097,20461,36420,1.06403696847
2020-04-08,7,52,,,,,,,1226,954,1566,16246,12106,22221,28323,21416,37985,1.06301290781
2020-04-09,5,57,,,,,,,1246,970,1588,16570,12420,22509,29569,22386,39573,1.06226159744
2020-04-10,12,69,,,,,,,1266,987,1611,16886,12728,22761,30835,23374,41183,1.06171004148
2020-04-11,4,73,,,,,,,1286,1006,1632,17196,13033,23000,32122,24381,42815,1.06130481559
2020-04-12,10,83,,,,,,,1307,1028,1656,17501,13339,23221,33429,25410,44470,1.06100684918
2020-04-13,10,93,,,,,,,1328,1045,1671,17804,13638,23441,34756,26455,46141,1.06078756776
2020-04-14,5,98,,,,,,,1348,1060,1699,18106,13935,23660,36105,27516,47839,1.06062606217
2020-04-15,10,108,,,,,,,1370,1071,1729,18408,14224,23898,37474,28588,49567,1.0605070197
2020-04-16,8,116,,,,,,,1391,1083,1760,18711,14503,24156,38865,29672,51327,1.06041468453
2020-04-17,9,125,,,,,,,1412,1100,1795,19015,14774,24429,40277,30772,53121,1.06034090007
2020-04-18,8,133,,,,,,,1434,1101,1823,19322,15025,24717,41712,31873,54944,1.0602849831
2020-04-19,8,141,,,,,,,1456,1116,1865,19631,15272,25037,43168,32990,56808,1.06024082309
2020-04-20,10,151,,,,,,,1478,1121,1901,19942,15502,25385,44646,34111,58709,1.06020694356
2020-04-21,10,161,,,,,,,1501,1129,1935,20257,15716,25769,46147,35241,60643,1.06017792522
2020-04-22,13,174,,,,,,,1524,1131,1962,20574,15910,26185,47671,36372,62605,1.06018145446
2020-04-23,13,187,,,,,,,1547,1143,2004,20895,16099,26623,49218,37515,64608,1.06018671903
2020-04-24,6,193,,,,,,,1570,1137,2044,21219,16266,27079,50788,38653,66651,1.06019457187
2020-04-25,8,201,,,,,,,1594,1140,2074,21547,16418,27542,52382,39793,68725,1.06020628477
2020-04-26,8,209,,,,,,,1618,1150,2118,21878,16562,28029,54000,40943,70843,1.06022375355
2020-04-27,11,220,,,,,,,1642,1152,2164,22214,16686,28536,55642,42096,73006,1.0602498032
2020-04-28,19,239,,,,,,,1667,1167,2210,22553,16808,29075,57309,43263,75216,1.0602886409
2020-04-29,11,250,,,,,,,1692,1169,2257,22896,16917,29633,59001,44433,77472,1.06034652702
2020-04-30,11,261,,,,,,,1717,1169,2304,23243,17014,30209,60718,45602,79776,1.06043276538
2020-05-01,11,272,,,,,,,1743,1164,2353,23595,17094,30802,62460,46766,82129,1.06056115689
2020-05-02,7,279,,,,,,,1769,1163,2403,23951,17158,31410,64229,47930,84531,1.06075211585
2020-05-03,9,288,,,,,,,1795,1166,2454,24312,17223,32041,66024,49097,86985,1.06103571265
2020-05-04,15,303,,,,,,,1822,1165,2506,24679,17272,32683,67846,50263,89491,1.06145596373
2020-05-05,13,316,,,,,,,1850,1158,2559,25051,17310,33341,69697,51422,92049,1.06207669513
2020-05-06,11,327,,,,,,,1879,1152,2615,25429,17333,34021,71576,52574,94664,1.06298915487
2020-05-07,13,340,,,,,,,1910,1150,2672,25815,17352,34730,73486,53724,97335,1.06432102661
2020-05-08,21,361,,,,,,,1942,1152,2732,26210,17361,35459,75428,54877,100066,1.06624522516
2020-05-09,15,376,,,,,,,1976,1154,2797,26615,17378,36212,77404,56031,102863,1.06898431783
2020-05-10,15,391,,,,,,,2013,1158,2876,27035,17396,37013,79417,57190,105738,1.07280233621
2020-05-11,17,408,,,,,,,2055,1166,2954,27472,17412,37848,81472,58356,108691,1.07797127266
2020-05-12,17,425,,,,,,,2101,1169,3047,27931,17430,38731,83573,59526,111737,1.08469950526
2020-05-13,14,439,,,,,,,2153,1172,3157,28417,17435,39678,85726,60698,114893,1.09302325272
2020-05-14,17,456,,,,,,,2211,1187,3249,28937,17452,40670,87937,61885,118142,1.10269665208
2020-05-15,20,476,,,,,,,2275,1199,3394,29495,17482,41760,90213,63084,121536,1.11315429687
2020-05-16,21,497,,,,,,,2340,1200,3515,30093,17518,42922,92553,64285,125051,1.12104275422
2020-05-17,17,514,,,,,,,2410,1205,3675,30734,17560,44195,94963,65491,128725,1.1285890727
2020-05-18,21,535,,,,,,,2486,1210,3851,31424,17604,45591,97448,66701,132576,1.13550800314
2020-05-19,13,548,,,,,,,2567,1216,4053,32168,17655,47138,100015,67918,136628,1.14160908847
2020-05-20,16,564,,,,,,,2652,1225,4267,32970,17721,48846,102667,69143,140895,1.14680674199
2020-05-21,15,579,,,,,,,2741,1231,4502,33832,17800,50733,105408,70375,145396,1.15110629958
2020-05-22,9,588,,,,,,,2835,1233,4750,34757,17883,52811,108243,71608,150145,1.15457717168
2020-05-23,,,16,10,23,604,598,611,2933,1241,5015,35748,17972,55095,111176,72850,155160,
2020-05-24,,,17,10,23,621,609,633,3036,1250,5298,36808,18068,57596,114212,74100,160458,
2020-05-25,,,17,10,24,638,620,656,3144,1265,5599,37938,18174,60319,117355,75365,166056,
2020-05-26,,,17,10,24,655,631,680,3256,1267,5916,39139,18276,63281,120611,76633,171972,
2020-05-27,,,17,10,25,672,642,704,3373,1270,6252,40411,18376,66487,123984,77903,178223,
2020-05-28,,,18,10,25,690,653,728,3495,1278,6607,41754,18482,69937,127480,79181,184830,
2020-05-29,,,18,10,26,708,663,753,3623,1282,6983,43166,18578,73671,131103,80464,191813,
2020-05-30,,,18,10,26,726,674,779,3757,1283,7380,44648,18662,77657,134860,81747,199192,
2020-05-31,,,19,10,27,744,685,805,3894,1284,7792,46202,18746,81934,138754,83031,206984,
2020-06-01,,,19,10,28,763,696,832,4036,1290,8225,47828,18830,86483,142790,84321,215208,
2020-06-02,,,19,10,28,783,707,860,4184,1299,8680,49526,18919,91312,146975,85621,223887,
2020-06-03,,,20,10,29,802,718,889,4337,1303,9155,51297,19006,96414,151312,86924,233042,
2020-06-04,,,20,10,30,822,729,919,4495,1304,9650,53140,19084,101796,155807,88228,242691,
2020-06-05,,,21,11,31,843,740,949,4657,1313,10160,55056,19166,107455,160464,89541,252851,
2020-06-06,,,21,11,32,864,751,981,4822,1312,10685,57044,19245,113390,165287,90854,263535,
2020-06-07,,,22,11,34,886,762,1014,4991,1313,11221,59101,19317,119596,170277,92167,274755,
2020-06-08,,,22,11,35,909,773,1048,5160,1313,11762,61226,19380,126060,175437,93480,286517,
2020-06-09,,,23,11,37,932,784,1085,5330,1316,12304,63412,19431,132765,180767,94797,298820,
2020-06-10,,,24,11,38,956,795,1123,5498,1324,12837,65654,19488,139685,186265,96121,311657,
2020-06-11,,,25,11,40,980,807,1163,5663,1326,13355,67944,19544,146789,191928,97448,325012,
2020-06-12,,,25,11,43,1006,818,1205,5823,1327,13853,70272,19593,154035,197752,98775,338864,
2020-06-13,,,26,11,45,1032,829,1249,5978,1328,14326,72627,19640,161377,203730,100104,353189,
2020-06-14,,,27,11,47,1059,841,1296,6127,1333,14771,74997,19690,168768,209857,101437,367960,
2020-06-15,,,28,11,50,1087,852,1345,6255,1331,15151,77358,19738,176127,216112,102769,383110,
2020-06-16,,,29,11,53,1116,864,1398,6377,1328,15505,79699,19775,183407,222489,104097,398615,
2020-06-17,,,30,11,56,1146,875,1453,6494,1324,15835,82008,19800,190563,228983,105422,414450,
2020-06-18,,,31,11,59,1178,887,1511,6605,1320,16143,84276,19817,197550,235588,106742,430592,
2020-06-19,,,32,11,62,1210,899,1572,6710,1315,16427,86491,19828,204328,242298,108057,447018,
2020-06-20,,,33,11,65,1243,910,1637,6807,1309,16686,88641,19824,210854,249106,109366,463704,
2020-06-21,,,35,11,69,1278,922,1705,6899,1302,16927,90718,19814,217096,256005,110668,480631,
2020-06-22,,,36,11,73,1313,934,1777,6987,1294,17154,92715,19796,223029,262992,111963,497784,
2020-06-23,,,37,11,76,1350,945,1853,7071,1288,17367,94626,19770,228634,270063,113251,515151,
2020-06-24,,,38,11,80,1389,957,1933,7151,1283,17569,96447,19738,233899,277214,114535,532719,
2020-06-25,,,40,11,85,1428,969,2017,7227,1279,17757,98175,19693,238820,284441,115814,550476,
2020-06-26,,,41,11,89,1469,981,2106,7299,1268,17934,99811,19634,243398,291739,117082,568409,
2020-06-27,,,42,11,93,1512,993,2199,7367,1258,18099,101354,19565,247644,299106,118341,586508,
2020-06-28,,,44,11,98,1556,1005,2296,7431,1247,18253,102807,19484,251572,306536,119588,604760,
2020-06-29,,,45,11,103,1601,1016,2398,7491,1235,18398,104171,19386,255198,314028,120823,623158,
2020-06-30,,,47,11,107,1648,1028,2505,7548,1223,18531,105464,19278,258578,321576,122047,641688,
2020-07-01,,,48,11,112,1696,1040,2616,7601,1211,18653,106687,19161,261726,329176,123258,660341,
2020-07-02,,,50,11,116,1746,1052,2732,7650,1198,18765,107843,19035,264656,336826,124457,679105,
2020-07-03,,,51,11,121,1797,1064,2852,7694,1184,18866,108932,18900,267379,344520,125642,697970,
2020-07-04,,,52,11,125,1849,1076,2977,7735,1171,18956,109957,18756,269908,352256,126813,716926,
2020-07-05,,,54,11,129,1903,1088,3105,7772,1156,19035,110922,18603,272256,360028,127970,735960,
2020-07-06,,,55,11,132,1957,1100,3237,7805,1142,19102,111827,18444,274431,367832,129112,755061,
2020-07-07,,,56,11,136,2013,1112,3372,7833,1127,19159,112673,18276,276436,375666,130239,774220,
2020-07-08,,,57,11,139,2070,1123,3510,7858,1111,19204,113460,18100,278273,383523,131351,793423,
2020-07-09,,,58,11,142,2128,1135,3651,7878,1096,19238,114187,17912,279942,391401,132447,812661,
2020-07-10,,,59,11,144,2187,1147,3795,7893,1079,19261,114853,17713,281445,399294,133527,831921,
2020-07-11,,,60,11,147,2247,1159,3942,7905,1063,19272,115460,17508,282784,407199,134591,851192,
2020-07-12,,,61,11,149,2308,1170,4090,7912,1046,19272,116005,17297,283956,415111,135638,870463,
2020-07-13,,,61,11,151,2369,1182,4241,7915,1030,19260,116489,17079,284963,423026,136668,889723,
2020-07-14,,,62,11,153,2431,1193,4393,7913,1012,19237,116912,16857,285802,430939,137681,908959,
2020-07-15,,,63,11,155,2494,1205,4547,7908,995,19203,117271,16628,286474,438847,138676,928162,
2020-07-16,,,63,11,156,2557,1216,4703,7898,978,19157,117568,16395,286978,446745,139654,947318,
2020-07-17,,,64,11,158,2622,1228,4860,7883,960,19101,117802,16157,287314,454628,140614,966418,
2020-07-18,,,65,11,159,2686,1239,5019,7865,942,19033,117972,15914,287481,462492,141557,985451,
2020-07-19,,,65,11,161,2751,1250,5179,7842,924,18954,118079,15668,287479,470334,142481,1004405,
2020-07-20,,,66,10,162,2817,1261,5340,7815,906,18865,118121,15417,287310,478149,143388,1023269,
2020-07-21,,,66,10,163,2883,1272,5503,7783,888,18765,118100,15163,286972,485932,144276,1042033,
2020-07-22,,,67,10,164,2950,1283,5666,7748,869,18654,118015,14906,286468,493680,145146,1060687,
2020-07-23,,,67,10,165,3017,1293,5830,7709,851,18534,117866,14646,285798,501389,145997,1079220,
2020-07-24,,,67,10,166,3084,1304,5995,7666,833,18403,117654,14383,284963,509055,146830,1097623,
2020-07-25,,,68,10,166,3152,1314,6161,7618,814,18263,117379,14118,283965,516673,147645,1115886,
2020-07-26,,,68,10,167,3219,1324,6328,7567,796,18113,117042,13851,282806,524241,148442,1133998,
2020-07-27,,,68,10,167,3288,1334,6495,7530,779,17995,116660,13584,281529,531770,149222,1151992,
2020-07-28,,,68,9,168,3356,1344,6662,7490,763,17871,116235,13317,280140,539260,149985,1169863,
2020-07-29,,,69,9,168,3425,1354,6829,7447,747,17740,115768,13051,278643,546707,150732,1187602,
2020-07-30,,,69,9,168,3493,1364,6997,7402,730,17603,115263,12787,277044,554110,151463,1205205,
2020-07-31,,,69,9,168,3562,1374,7165,7357,715,17466,114723,12524,275353,561467,152178,1222671,
2020-08-01,,,69,9,168,3631,1383,7333,7314,699,17333,114154,12263,273586,568781,152878,1240004,
2020-08-02,,,69,9,168,3700,1392,7501,7272,684,17202,113561,12005,271754,576053,153563,1257205,
2020-08-03,,,69,9,168,3769,1401,7669,7229,670,17068,112947,11751,269869,583282,154233,1274273,
2020-08-04,,,69,8,168,3837,1410,7836,7185,655,16934,112318,11500,267938,590467,154888,1291206,
