date,actual_deaths,total_deaths,predicted_deaths_mean,predicted_deaths_lower,predicted_deaths_upper,predicted_total_deaths_mean,predicted_total_deaths_lower,predicted_total_deaths_upper,predicted_new_infected_mean,predicted_new_infected_lower,predicted_new_infected_upper,predicted_current_infected_mean,predicted_current_infected_lower,predicted_current_infected_upper,predicted_total_infected_mean,predicted_total_infected_lower,predicted_total_infected_upper
2020-02-17,,,,,,,,,112,50,150,112,50,150,112,50,150
2020-02-18,,,,,,,,,112,50,150,224,100,300,224,100,300
2020-02-19,,,,,,,,,112,50,150,337,150,450,337,150,450
2020-02-20,,,,,,,,,112,50,150,449,200,600,449,200,600
2020-02-21,,,,,,,,,112,50,150,561,250,750,561,250,750
2020-02-22,,,,,,,,,112,50,150,673,300,900,673,300,900
2020-02-23,,,,,,,,,112,50,150,786,350,1050,786,350,1050
2020-02-24,,,,,,,,,112,50,150,898,400,1200,898,400,1200
2020-02-25,,,,,,,,,112,50,150,1010,450,1350,1010,450,1350
2020-02-26,,,,,,,,,318,149,448,1328,599,1798,1328,599,1798
2020-02-27,,,,,,,,,316,149,446,1644,749,2244,1644,749,2244
2020-02-28,,,,,,,,,334,159,474,1978,908,2717,1978,908,2717
2020-02-29,,,,,,,,,371,178,530,2350,1087,3246,2350,1087,3246
2020-03-01,,,,,,,,,447,219,646,2797,1306,3892,2797,1306,3892
2020-03-02,,,,,,,,,566,282,827,3362,1588,4718,3362,1588,4718
2020-03-03,,,,,,,,,659,333,969,3909,1872,5537,4022,1922,5687
2020-03-04,,,,,,,,,743,380,1095,4540,2202,6481,4764,2302,6781
2020-03-05,,,,,,,,,844,439,1246,5272,2592,7577,5609,2742,8027
2020-03-06,,,,,,,,,968,513,1460,6128,3055,8886,6577,3255,9486
2020-03-07,,,,,,,,,1123,606,1694,7139,3612,10430,7700,3862,11180
2020-03-08,,,,,,,,,1287,709,1942,8314,4272,12222,8987,4572,13122
2020-03-09,,,,,,,,,1457,821,2180,9658,5043,14251,10444,5393,15301
2020-03-10,,,,,,,,,1639,948,2422,11185,5941,16523,12083,6341,17723
2020-03-11,,,,,,,,,1840,1095,2727,12913,6987,19099,13923,7437,20449
2020-03-12,1,1,,,,,,,2057,1264,3072,14652,8101,21723,15980,8701,23521
2020-03-13,0,1,,,,,,,2282,1449,3342,16618,9401,24618,18262,10151,26862
2020-03-14,0,1,,,,,,,2504,1627,3561,18787,10869,27705,20765,11778,30422
2020-03-15,0,1,,,,,,,2718,1799,3746,21134,12490,30922,23483,13577,34168
2020-03-16,0,1,,,,,,,2922,1988,3926,23609,14259,34202,26406,15566,38094
2020-03-17,0,1,,,,,,,3113,2186,4116,26156,16163,37491,29519,17752,42209
2020-03-18,2,3,,,,,,,3284,2398,4218,28781,18228,40741,32803,20150,46427
2020-03-19,7,10,,,,,,,3433,2594,4309,31471,20442,43954,36236,22745,50735
2020-03-20,3,13,,,,,,,3556,2764,4390,34182,22766,47098,39791,25509,55125
2020-03-21,1,14,,,,,,,3654,2847,4476,36868,25100,50115,43445,28356,59600
2020-03-22,11,25,,,,,,,3728,2909,4551,39474,27403,52972,47173,31265,64151
2020-03-23,0,25,,,,,,,3781,2965,4607,41968,29659,55637,50955,34231,68758
2020-03-24,7,32,,,,,,,3816,3037,4671,44327,31875,58127,54770,37269,73428
2020-03-25,8,40,,,,,,,3834,3034,4717,46521,33961,60422,58604,40303,78145
2020-03-26,8,48,,,,,,,3840,3056,4720,48522,35922,62416,62445,43360,82865
2020-03-27,16,64,,,,,,,3837,3047,4710,50302,37705,64054,66282,46407,87574
2020-03-28,5,69,,,,,,,3826,3044,4701,51846,39300,65413,70108,49451,92275
2020-03-29,11,80,,,,,,,3809,3028,4713,53151,40701,66566,73917,52480,96988
2020-03-30,7,87,,,,,,,3787,3012,4727,54220,41915,67547,77704,55492,101714
2020-03-31,24,111,,,,,,,3762,2960,4713,55060,42887,68333,81466,58453,106426
2020-04-01,28,139,,,,,,,3734,2924,4669,55681,43626,68885,85199,61378,111094
2020-04-02,24,163,,,,,,,3704,2883,4681,56100,44111,69348,88903,64262,115775
2020-04-03,21,184,,,,,,,3672,2818,4677,56340,44335,69717,92575,67080,120451
2020-04-04,17,201,,,,,,,3640,2757,4660,56424,44328,69987,96215,69838,125111
2020-04-05,10,211,,,,,,,3607,2704,4659,56377,44185,70169,99822,72542,129769
2020-04-06,18,229,,,,,,,3573,2647,4672,56222,43924,70290,103395,75190,134441
2020-04-07,100,329,,,,,,,3540,2574,4697,55981,43532,70380,106935,77764,139137
2020-04-08,33,362,,,,,,,3507,2497,4657,55672,42993,70366,110442,80262,143794
2020-04-09,17,379,,,,,,,3473,2408,4655,55311,42366,70304,113915,82670,148448
2020-04-10,37,416,,,,,,,3440,2325,4659,54910,41635,70243,117355,84996,153107
2020-04-11,13,429,,,,,,,3407,2245,4664,54481,40833,70197,120763,87241,157770
2020-04-12,4,433,,,,,,,3375,2190,4653,54030,39979,70148,124138,89431,162422
2020-04-13,32,465,,,,,,,3343,2120,4659,53564,39071,70093,127481,91552,167081
2020-04-14,60,525,,,,,,,3312,2039,4669,53088,38098,70036,130792,93591,171749
2020-04-15,27,552,,,,,,,3281,1961,4680,52607,37099,70003,134073,95553,176429
2020-04-16,35,587,,,,,,,3250,1894,4690,52123,36069,70024,137323,97447,181118
2020-04-17,63,650,,,,,,,3220,1842,4699,51640,35027,70042,140542,99289,185817
2020-04-18,23,673,,,,,,,3190,1777,4708,51158,33987,70073,143733,101067,190524
2020-04-19,14,687,,,,,,,3161,1715,4716,50679,32944,70129,146894,102782,195239
2020-04-20,88,775,,,,,,,3132,1644,4723,50204,31885,70192,150026,104427,199961
2020-04-21,23,798,,,,,,,3104,1577,4728,49735,30814,70248,153130,106004,204689
2020-04-22,50,848,,,,,,,3076,1515,4730,49271,29755,70281,156207,107519,209418
2020-04-23,33,881,,,,,,,3049,1463,4732,48814,28721,70356,159256,108983,214149
2020-04-24,18,899,,,,,,,3022,1413,4732,48363,27726,70433,162278,110397,218881
2020-04-25,8,907,,,,,,,2996,1366,4733,47918,26767,70507,165273,111763,223614
2020-04-26,9,916,,,,,,,2969,1319,4733,47480,25841,70577,168243,113082,228346
2020-04-27,79,995,,,,,,,2944,1265,4733,47049,24916,70656,171186,114348,233078
2020-04-28,41,1036,,,,,,,2918,1221,4732,46624,24017,70729,174105,115569,237810
2020-04-29,65,1101,,,,,,,2893,1171,4730,46206,23149,70791,176998,116740,242539
2020-04-30,,,35,25,47,1136,1126,1148,2869,1124,4729,45794,22311,70839,179867,117865,247268
2020-05-01,,,35,24,47,1171,1150,1194,3124,1187,5320,45667,21605,71470,182990,119052,252587
2020-05-02,,,34,23,47,1205,1173,1241,3097,1145,5321,45545,20908,72091,186087,120198,257907
2020-05-03,,,34,22,47,1239,1196,1288,3087,1110,5368,45441,20241,72752,189174,121309,263275
2020-05-04,,,34,21,47,1273,1218,1334,3091,1078,5458,45371,19604,73494,192265,122387,268732
2020-05-05,,,33,21,47,1307,1239,1381,3128,1054,5648,45367,19013,74419,195393,123441,274380
2020-05-06,,,33,20,47,1340,1259,1427,3198,1038,5947,45461,18474,75638,198591,124479,280326
2020-05-07,,,33,19,47,1372,1279,1474,3243,1017,6185,45627,17977,77094,201834,125497,286511
2020-05-08,,,33,19,47,1405,1298,1521,3271,989,6361,45849,17503,78723,205105,126487,292872
2020-05-09,,,32,18,47,1437,1317,1568,3301,962,6552,46128,17053,80543,208406,127450,299423
2020-05-10,,,32,17,48,1469,1334,1615,3335,934,6770,46468,16621,82580,211741,128385,306193
2020-05-11,,,32,17,48,1501,1352,1662,3383,917,7036,46881,16220,84883,215124,129302,313228
2020-05-12,,,31,16,48,1532,1368,1709,3430,892,7309,47368,15847,87459,218555,130195,320537
2020-05-13,,,31,15,48,1563,1384,1757,3474,870,7563,47924,15497,90291,222029,131066,328100
2020-05-14,,,31,15,48,1594,1399,1804,3516,850,7817,48547,15176,93377,225545,131917,335916
2020-05-15,,,31,14,48,1624,1414,1851,3559,830,8082,49237,14883,96730,229104,132748,343997
2020-05-16,,,30,14,48,1655,1428,1898,3607,811,8361,49720,14508,99771,232710,133560,352358
2020-05-17,,,30,13,48,1685,1442,1946,3656,791,8657,50280,14153,103107,236367,134352,361014
2020-05-18,,,30,13,48,1714,1455,1993,3707,771,8955,50900,13814,106694,240073,135123,369968
2020-05-19,,,30,12,48,1744,1468,2041,3757,751,9264,51565,13487,110500,243830,135874,379232
2020-05-20,,,30,12,49,1774,1480,2089,3808,727,9580,52245,13160,114432,247639,136601,388811
2020-05-21,,,30,12,49,1803,1493,2137,3861,704,9907,52909,12826,118392,251500,137306,398718
2020-05-22,,,30,11,50,1833,1504,2187,3916,682,10246,53582,12491,122452,255416,137989,408963
2020-05-23,,,30,11,52,1864,1516,2239,3973,665,10595,54284,12167,126686,259389,138654,419558
2020-05-24,,,31,11,53,1894,1528,2291,4030,651,10952,55013,11855,131086,263419,139306,430509
2020-05-25,,,31,11,54,1925,1539,2345,4089,638,11318,55766,11558,135635,267507,139944,441827
2020-05-26,,,31,10,56,1956,1550,2400,4149,624,11695,56532,11265,140294,271656,140568,453521
2020-05-27,,,32,10,58,1988,1560,2458,4210,607,12083,57311,10980,145068,275866,141176,465604
2020-05-28,,,32,10,60,2020,1571,2517,4273,590,12482,58111,10700,149986,280139,141767,478085
2020-05-29,,,32,10,62,2052,1581,2579,4338,574,12891,58933,10423,155060,284477,142341,490976
2020-05-30,,,33,9,64,2085,1591,2642,4404,557,13312,59778,10150,160290,288881,142899,504287
2020-05-31,,,33,9,66,2118,1600,2708,4472,542,13742,60642,9880,165671,293353,143441,518028
2020-06-01,,,33,9,69,2151,1610,2776,4541,525,14183,61527,9615,171197,297893,143967,532211
2020-06-02,,,34,9,71,2185,1619,2847,4611,510,14636,62431,9353,176878,302505,144477,546846
2020-06-03,,,34,8,74,2220,1628,2920,4683,491,15100,63358,9094,182714,307188,144969,561945
2020-06-04,,,35,8,76,2254,1637,2996,4757,480,15576,64306,8847,188711,311945,145449,577521
2020-06-05,,,35,8,79,2290,1645,3074,4832,468,16064,65278,8611,194868,316778,145918,593585
2020-06-06,,,36,8,82,2325,1653,3155,4909,457,16564,66271,8386,201186,321687,146375,610148
2020-06-07,,,36,8,84,2361,1662,3239,4988,446,17076,67286,8167,207666,326675,146821,627223
2020-06-08,,,37,7,87,2398,1670,3326,5068,434,17603,68324,7950,214317,331743,147256,644826
2020-06-09,,,37,7,90,2435,1677,3416,5150,421,18139,69385,7733,221138,336892,147677,662964
2020-06-10,,,38,7,93,2473,1685,3509,5233,408,18686,70470,7516,228129,342126,148085,681650
2020-06-11,,,38,7,97,2511,1692,3605,5318,395,19246,71578,7304,235293,347444,148481,700896
2020-06-12,,,39,7,100,2549,1699,3704,5405,383,19818,72709,7097,242629,352848,148864,720713
2020-06-13,,,39,6,103,2589,1706,3807,5493,371,20402,73864,6894,250140,358341,149235,741115
2020-06-14,,,40,6,107,2628,1713,3913,5583,359,20998,75043,6695,257826,363924,149594,762112
2020-06-15,,,40,6,110,2669,1719,4023,5674,347,21606,76245,6501,265690,369598,149942,783717
2020-06-16,,,41,6,114,2710,1726,4137,5767,336,22226,77472,6312,273732,375365,150279,805942
2020-06-17,,,42,6,118,2751,1732,4254,5862,325,22857,78722,6127,281953,381227,150605,828799
2020-06-18,,,42,6,122,2793,1738,4375,5958,315,23500,79997,5951,290353,387185,150921,852298
2020-06-19,,,43,5,126,2836,1744,4500,6055,307,24153,81295,5779,298930,393240,151228,876451
2020-06-20,,,43,5,130,2880,1750,4630,6155,298,24818,82617,5609,307684,399395,151527,901268
2020-06-21,,,44,5,134,2924,1755,4763,6255,288,25494,83963,5440,316614,405650,151816,926762
2020-06-22,,,45,5,138,2968,1761,4901,6357,279,26179,85333,5273,325718,412008,152095,952941
2020-06-23,,,45,5,143,3014,1766,5043,6461,269,26875,86726,5108,334990,418468,152364,979815
2020-06-24,,,46,5,147,3060,1771,5190,6566,260,27580,88142,4947,344431,425034,152625,1007395
2020-06-25,,,47,4,152,3107,1776,5341,6673,251,28295,89581,4791,354040,431707,152877,1035690
2020-06-26,,,48,4,157,3154,1781,5497,6781,243,29019,91044,4639,363813,438488,153120,1064708
2020-06-27,,,48,4,162,3203,1786,5658,6891,235,29750,92530,4491,373745,445378,153355,1094458
2020-06-28,,,49,4,167,3252,1790,5824,7001,227,30468,94039,4348,383811,452380,153583,1124925
2020-06-29,,,50,4,172,3302,1795,5995,7113,219,31217,95569,4208,394030,459493,153803,1156142
2020-06-30,,,51,4,177,3353,1799,6172,7227,212,31974,97122,4073,404398,466720,154015,1188115
2020-07-01,,,52,4,182,3404,1803,6353,7341,205,32736,98696,3941,414908,474061,154220,1220850
2020-07-02,,,52,4,188,3457,1807,6541,7456,198,33502,100290,3814,425554,481517,154419,1254352
2020-07-03,,,53,3,193,3510,1811,6734,7573,191,34273,101905,3689,436327,489090,154611,1288624
2020-07-04,,,54,3,199,3564,1815,6932,7690,185,35046,103539,3567,447219,496780,154796,1323669
2020-07-05,,,55,3,205,3619,1819,7137,7807,179,35821,105192,3448,458222,504587,154975,1359490
2020-07-06,,,56,3,211,3675,1822,7347,7926,173,36598,106863,3332,469326,512513,155148,1396087
2020-07-07,,,57,3,217,3732,1826,7563,8045,167,37393,108550,3220,480540,520557,155316,1433480
2020-07-08,,,58,3,223,3789,1829,7786,8164,161,38159,110253,3112,491823,528721,155477,1471638
2020-07-09,,,59,3,229,3848,1832,8015,8283,156,38921,111970,3008,503164,537004,155634,1510558
2020-07-10,,,60,3,236,3908,1836,8250,8402,151,39679,113699,2907,514548,545406,155785,1550237
2020-07-11,,,61,3,242,3968,1839,8492,8522,146,40432,115440,2810,525961,553928,155931,1590669
2020-07-12,,,62,2,249,4030,1842,8741,8641,141,41178,117190,2716,537389,562568,156072,1631846
2020-07-13,,,63,2,256,4092,1845,8996,8759,136,41915,118948,2625,548837,571328,156208,1673761
2020-07-14,,,64,2,263,4156,1847,9258,8877,131,42643,120712,2537,560262,580205,156340,1716403
2020-07-15,,,65,2,270,4221,1850,9527,8995,127,43359,122480,2452,571647,589200,156467,1759762
2020-07-16,,,66,2,277,4286,1853,9803,9111,123,44090,124251,2370,583002,598311,156591,1803851
2020-07-17,,,67,2,284,4353,1855,10086,9227,119,44798,126021,2290,594297,607538,156710,1848648
2020-07-18,,,68,2,291,4421,1858,10377,9341,115,45490,127789,2214,605514,616879,156825,1894138
2020-07-19,,,69,2,298,4490,1860,10674,9454,111,46165,129553,2139,616633,626333,156936,1940302
2020-07-20,,,70,2,305,4560,1862,10979,9565,107,46822,131310,2068,627634,635897,157043,1987124
2020-07-21,,,71,2,313,4631,1865,11292,9674,103,47459,133059,1998,638496,645571,157147,2034583
2020-07-22,,,72,2,320,4703,1867,11612,9781,100,48074,134795,1931,649177,655353,157247,2082656
2020-07-23,,,73,2,328,4777,1869,11939,9886,96,48672,136518,1867,659690,665239,157344,2131328
2020-07-24,,,75,1,336,4851,1871,12274,9989,93,49241,138224,1804,670011,675228,157438,2180568
2020-07-25,,,76,1,343,4927,1873,12617,10089,90,49765,139911,1744,680097,685317,157529,2230333
2020-07-26,,,77,1,351,5004,1875,12968,10186,87,50265,141576,1685,689930,695503,157616,2280598
2020-07-27,,,78,1,359,5082,1876,13326,10281,84,50733,143215,1629,699485,705784,157701,2331331
2020-07-28,,,79,1,366,5162,1878,13692,10372,81,51170,144828,1574,708740,716156,157783,2382500
2020-07-29,,,80,1,374,5242,1880,14066,10459,79,51573,146410,1521,717670,726615,157862,2434073
2020-07-30,,,82,1,382,5324,1881,14447,10544,76,51935,147959,1470,726246,737159,157938,2486007
2020-07-31,,,83,1,390,5406,1883,14836,10624,73,52256,149471,1421,734412,747783,158012,2538263
2020-08-01,,,84,1,397,5490,1884,15233,10701,71,52540,150945,1373,742154,758483,158083,2590802
2020-08-02,,,85,1,405,5576,1886,15637,10773,68,52785,152377,1327,749449,769256,158152,2643586
2020-08-03,,,86,1,412,5662,1887,16048,10841,66,52987,153765,1283,756271,780098,158219,2696573
2020-08-04,,,88,1,419,5750,1889,16467,10905,64,53183,155106,1240,762632,791003,158283,2749756
