date,actual_deaths,total_deaths,predicted_deaths_mean,predicted_deaths_lower,predicted_deaths_upper,predicted_total_deaths_mean,predicted_total_deaths_lower,predicted_total_deaths_upper
2020-02-24,,,,,,,,
2020-02-25,,,,,,,,
2020-02-26,,,,,,,,
2020-02-27,,,,,,,,
2020-02-28,,,,,,,,
2020-02-29,,,,,,,,
2020-03-01,,,,,,,,
2020-03-02,,,,,,,,
2020-03-03,,,,,,,,
2020-03-04,,,,,,,,
2020-03-05,,,,,,,,
2020-03-06,,,,,,,,
2020-03-07,,,,,,,,
2020-03-08,,,,,,,,
2020-03-09,,,,,,,,
2020-03-10,,,,,,,,
2020-03-11,,,,,,,,
2020-03-12,,,,,,,,
2020-03-13,,,,,,,,
2020-03-14,,,,,,,,
2020-03-15,,,,,,,,
2020-03-16,,,,,,,,
2020-03-17,,,,,,,,
2020-03-18,,,,,,,,
2020-03-19,1,1,,,,,,
2020-03-20,0,1,,,,,,
2020-03-21,1,2,,,,,,
2020-03-22,1,3,,,,,,
2020-03-23,0,3,,,,,,
2020-03-24,0,3,,,,,,
2020-03-25,1,4,,,,,,
2020-03-26,0,4,,,,,,
2020-03-27,1,5,,,,,,
2020-03-28,0,5,,,,,,
2020-03-29,5,10,,,,,,
2020-03-30,5,15,,,,,,
2020-03-31,3,18,,,,,,
2020-04-01,13,31,,,,,,
2020-04-02,5,36,,,,,,
2020-04-03,6,42,,,,,,
2020-04-04,11,53,,,,,,
2020-04-05,14,67,,,,,,
2020-04-06,24,91,,,,,,
2020-04-07,12,103,,,,,,
2020-04-08,21,124,,,,,,
2020-04-09,14,138,,,,,,
2020-04-10,33,171,,,,,,
2020-04-11,35,206,,,,,,
2020-04-12,29,235,,,,,,
2020-04-13,,,29,21,36,264,256,271
2020-04-14,,,30,20,39,294,276,310
2020-04-15,,,30,20,41,324,296,351
2020-04-16,,,31,20,43,355,316,394
2020-04-17,,,31,19,44,385,334,438
2020-04-18,,,31,18,45,416,352,484
2020-04-19,,,30,18,46,446,370,530
2020-04-20,,,30,17,47,476,387,577
2020-04-21,,,29,17,48,505,404,626
2020-04-22,,,28,16,48,533,420,674
2020-04-23,,,28,15,48,561,435,722
2020-04-24,,,27,14,48,588,449,770
2020-04-25,,,26,13,48,614,462,818
2020-04-26,,,25,12,47,639,474,866
2020-04-27,,,24,11,47,663,485,912
2020-04-28,,,23,10,46,686,495,959
2020-04-29,,,23,10,46,709,505,1005
2020-04-30,,,22,9,46,731,514,1051
2020-05-01,,,21,9,45,752,523,1096
2020-05-02,,,20,8,44,773,531,1140
2020-05-03,,,20,8,43,792,539,1183
2020-05-04,,,19,7,42,811,546,1225
2020-05-05,,,18,7,40,830,553,1266
2020-05-06,,,18,6,39,848,559,1305
2020-05-07,,,17,6,39,865,565,1344
2020-05-08,,,17,5,38,881,570,1382
2020-05-09,,,16,5,37,897,575,1419
2020-05-10,,,16,4,36,913,579,1455
2020-05-11,,,15,4,35,928,583,1490
2020-05-12,,,15,4,34,942,587,1524
2020-05-13,,,14,4,34,957,590,1558
2020-05-14,,,14,3,32,970,594,1590
2020-05-15,,,13,3,32,983,596,1622
2020-05-16,,,13,3,32,996,600,1654
2020-05-17,,,12,3,30,1009,602,1684
2020-05-18,,,12,2,30,1021,604,1714
2020-05-19,,,12,2,30,1033,606,1744
2020-05-20,,,11,2,29,1044,608,1772
2020-05-21,,,11,2,28,1055,610,1801
2020-05-22,,,11,2,28,1066,612,1828
2020-05-23,,,11,2,28,1076,614,1856
2020-05-24,,,10,2,27,1086,616,1883
2020-05-25,,,10,2,26,1096,618,1909
2020-05-26,,,10,1,26,1106,620,1936
2020-05-27,,,9,1,25,1115,620,1961
2020-05-28,,,9,1,25,1125,622,1986
2020-05-29,,,9,1,24,1133,622,2010
2020-05-30,,,9,1,24,1142,624,2034
2020-05-31,,,8,1,23,1150,624,2057
2020-06-01,,,8,1,23,1159,626,2080
2020-06-02,,,8,1,22,1167,626,2102
2020-06-03,,,8,1,22,1174,628,2124
2020-06-04,,,8,1,21,1182,628,2146
2020-06-05,,,7,1,21,1189,630,2166
2020-06-06,,,7,1,21,1197,630,2188
2020-06-07,,,7,1,20,1204,632,2208
2020-06-08,,,7,1,20,1211,632,2228
2020-06-09,,,7,1,19,1217,634,2247
2020-06-10,,,7,1,19,1224,634,2266
2020-06-11,,,6,1,19,1230,636,2285
2020-06-12,,,6,1,18,1236,636,2304
2020-06-13,,,6,1,18,1242,638,2322
2020-06-14,,,6,0,18,1248,638,2340
2020-06-15,,,6,0,17,1254,638,2357
2020-06-16,,,6,0,17,1260,638,2374
2020-06-17,,,5,0,17,1265,638,2391
2020-06-18,,,5,0,16,1270,638,2407
2020-06-19,,,5,0,16,1276,638,2423
2020-06-20,,,5,0,16,1281,638,2439
2020-06-21,,,5,0,16,1286,638,2455
2020-06-22,,,5,0,15,1290,638,2470
2020-06-23,,,5,0,15,1295,638,2486
2020-06-24,,,5,0,15,1300,638,2500
2020-06-25,,,4,0,14,1304,638,2515
2020-06-26,,,4,0,14,1308,638,2529
2020-06-27,,,4,0,14,1312,638,2543
2020-06-28,,,4,0,14,1316,638,2557
2020-06-29,,,4,0,13,1320,638,2570
2020-06-30,,,4,0,13,1324,638,2583
2020-07-01,,,4,0,13,1328,638,2596
2020-07-02,,,4,0,13,1332,638,2609
2020-07-03,,,4,0,12,1335,638,2621
2020-07-04,,,3,0,12,1339,638,2633
2020-07-05,,,3,0,12,1342,638,2645
2020-07-06,,,3,0,12,1345,638,2657
2020-07-07,,,3,0,11,1348,638,2668
2020-07-08,,,3,0,11,1351,638,2680
2020-07-09,,,3,0,11,1354,638,2690
2020-07-10,,,3,0,11,1357,638,2702
2020-07-11,,,3,0,10,1360,638,2712
2020-07-12,,,3,0,10,1363,638,2722
2020-07-13,,,3,0,10,1365,638,2732
2020-07-14,,,3,0,10,1368,638,2742
2020-07-15,,,2,0,10,1370,638,2752
2020-07-16,,,2,0,9,1373,638,2761
2020-07-17,,,2,0,9,1375,638,2770
2020-07-18,,,2,0,9,1377,638,2779
2020-07-19,,,2,0,9,1380,638,2788
2020-07-20,,,2,0,9,1382,638,2797
2020-07-21,,,2,0,8,1384,638,2805
2020-07-22,,,2,0,8,1386,638,2813
2020-07-23,,,2,0,8,1388,638,2821
2020-07-24,,,2,0,8,1390,638,2829
2020-07-25,,,2,0,8,1391,638,2837
2020-07-26,,,2,0,7,1393,638,2844
2020-07-27,,,2,0,7,1395,638,2852
2020-07-28,,,2,0,7,1397,638,2858
2020-07-29,,,2,0,7,1398,638,2866
2020-07-30,,,2,0,7,1400,638,2872
2020-07-31,,,1,0,7,1401,638,2880
2020-08-01,,,1,0,7,1403,638,2886
2020-08-02,,,1,0,6,1404,638,2893
2020-08-03,,,1,0,6,1405,638,2899
2020-08-04,,,1,0,6,1407,638,2905
