date,actual_deaths,total_deaths,predicted_deaths_mean,predicted_deaths_lower,predicted_deaths_upper,predicted_total_deaths_mean,predicted_total_deaths_lower,predicted_total_deaths_upper
2020-02-24,,,,,,,,
2020-02-25,,,,,,,,
2020-02-26,,,,,,,,
2020-02-27,,,,,,,,
2020-02-28,,,,,,,,
2020-02-29,,,,,,,,
2020-03-01,,,,,,,,
2020-03-02,,,,,,,,
2020-03-03,,,,,,,,
2020-03-04,,,,,,,,
2020-03-05,,,,,,,,
2020-03-06,,,,,,,,
2020-03-07,,,,,,,,
2020-03-08,,,,,,,,
2020-03-09,,,,,,,,
2020-03-10,,,,,,,,
2020-03-11,,,,,,,,
2020-03-12,,,,,,,,
2020-03-13,,,,,,,,
2020-03-14,,,,,,,,
2020-03-15,,,,,,,,
2020-03-16,,,,,,,,
2020-03-17,,,,,,,,
2020-03-18,,,,,,,,
2020-03-19,1,1,,,,,,
2020-03-20,0,1,,,,,,
2020-03-21,0,1,,,,,,
2020-03-22,0,1,,,,,,
2020-03-23,0,1,,,,,,
2020-03-24,0,1,,,,,,
2020-03-25,2,3,,,,,,
2020-03-26,3,6,,,,,,
2020-03-27,2,8,,,,,,
2020-03-28,5,13,,,,,,
2020-03-29,1,14,,,,,,
2020-03-30,2,16,,,,,,
2020-03-31,4,20,,,,,,
2020-04-01,2,22,,,,,,
2020-04-02,4,26,,,,,,
2020-04-03,3,29,,,,,,
2020-04-04,6,35,,,,,,
2020-04-05,8,43,,,,,,
2020-04-06,8,51,,,,,,
2020-04-07,9,60,,,,,,
2020-04-08,7,67,,,,,,
2020-04-09,9,76,,,,,,
2020-04-10,6,82,,,,,,
2020-04-11,11,93,,,,,,
2020-04-12,3,96,,,,,,
2020-04-13,2,98,,,,,,
2020-04-14,13,111,,,,,,
2020-04-15,11,122,,,,,,
2020-04-16,,,9,6,12,131,128,134
2020-04-17,,,9,6,12,139,135,146
2020-04-18,,,8,6,12,148,140,158
2020-04-19,,,8,6,12,156,146,170
2020-04-20,,,8,5,12,164,151,182
2020-04-21,,,8,5,12,172,156,194
2020-04-22,,,8,4,12,180,160,207
2020-04-23,,,8,4,12,187,164,219
2020-04-24,,,7,4,12,195,168,231
2020-04-25,,,7,4,12,202,172,243
2020-04-26,,,7,3,12,209,175,254
2020-04-27,,,7,3,12,216,179,266
2020-04-28,,,7,3,12,223,182,278
2020-04-29,,,6,3,11,229,184,289
2020-04-30,,,6,3,11,235,187,301
2020-05-01,,,6,3,11,242,189,312
2020-05-02,,,6,2,11,248,192,323
2020-05-03,,,6,2,11,253,194,334
2020-05-04,,,6,2,11,259,196,345
2020-05-05,,,6,2,11,265,198,356
2020-05-06,,,5,2,11,270,200,367
2020-05-07,,,5,2,11,276,202,378
2020-05-08,,,5,2,11,281,204,389
2020-05-09,,,5,2,11,286,205,400
2020-05-10,,,5,2,11,291,207,410
2020-05-11,,,5,1,11,296,208,421
2020-05-12,,,5,1,11,301,209,432
2020-05-13,,,5,1,11,306,211,442
2020-05-14,,,5,1,10,310,212,453
2020-05-15,,,5,1,10,315,213,463
2020-05-16,,,4,1,10,319,214,473
2020-05-17,,,4,1,10,324,215,484
2020-05-18,,,4,1,10,328,216,494
2020-05-19,,,4,1,10,332,217,504
2020-05-20,,,4,1,10,336,218,514
2020-05-21,,,4,1,10,340,219,524
2020-05-22,,,4,1,10,344,220,534
2020-05-23,,,4,1,10,348,221,544
2020-05-24,,,4,1,10,352,222,554
2020-05-25,,,4,1,10,356,223,564
2020-05-26,,,4,1,10,360,224,574
2020-05-27,,,4,1,10,363,224,583
2020-05-28,,,4,1,10,367,225,593
2020-05-29,,,4,1,10,371,226,603
2020-05-30,,,3,1,10,374,227,613
2020-05-31,,,3,1,10,377,227,622
2020-06-01,,,3,1,10,381,228,632
2020-06-02,,,3,1,10,384,229,642
2020-06-03,,,3,1,10,387,229,651
2020-06-04,,,3,1,10,391,230,661
2020-06-05,,,3,1,9,394,230,670
2020-06-06,,,3,1,9,397,231,680
2020-06-07,,,3,1,9,400,232,689
2020-06-08,,,3,1,9,403,232,698
2020-06-09,,,3,1,9,406,233,707
2020-06-10,,,3,1,9,409,233,717
2020-06-11,,,3,1,9,412,234,726
2020-06-12,,,3,0,9,415,234,735
2020-06-13,,,3,0,9,418,235,744
2020-06-14,,,3,0,9,420,235,753
2020-06-15,,,3,0,9,423,236,762
2020-06-16,,,3,0,9,426,236,770
2020-06-17,,,3,0,9,428,236,779
2020-06-18,,,3,0,9,431,237,788
2020-06-19,,,3,0,9,433,237,796
2020-06-20,,,3,0,9,436,238,805
2020-06-21,,,3,0,8,438,238,813
2020-06-22,,,3,0,8,441,239,822
2020-06-23,,,3,0,9,444,239,830
2020-06-24,,,3,0,9,446,239,839
2020-06-25,,,3,0,9,449,240,848
2020-06-26,,,3,0,9,451,240,856
2020-06-27,,,3,0,9,454,241,865
2020-06-28,,,3,0,9,457,241,875
2020-06-29,,,3,0,10,459,242,884
2020-06-30,,,3,0,10,462,242,894
2020-07-01,,,3,0,10,465,242,905
2020-07-02,,,3,0,11,468,243,915
2020-07-03,,,3,0,11,471,243,926
2020-07-04,,,3,0,11,473,244,938
2020-07-05,,,3,0,12,476,244,949
2020-07-06,,,3,0,12,479,244,962
2020-07-07,,,3,0,13,482,245,974
2020-07-08,,,3,0,13,485,245,987
2020-07-09,,,3,0,14,489,245,1001
2020-07-10,,,3,0,14,492,246,1015
2020-07-11,,,3,0,14,495,246,1029
2020-07-12,,,3,0,15,498,246,1044
2020-07-13,,,3,0,15,501,247,1060
2020-07-14,,,3,0,16,505,247,1076
2020-07-15,,,3,0,17,508,247,1092
2020-07-16,,,3,0,17,512,248,1109
2020-07-17,,,4,0,18,515,248,1127
2020-07-18,,,4,0,18,519,248,1145
2020-07-19,,,4,0,19,522,248,1164
2020-07-20,,,4,0,20,526,249,1184
2020-07-21,,,4,0,20,530,249,1204
2020-07-22,,,4,0,21,534,249,1225
2020-07-23,,,4,0,22,538,249,1246
2020-07-24,,,4,0,22,542,249,1268
2020-07-25,,,4,0,23,546,250,1291
2020-07-26,,,4,0,24,550,250,1315
2020-07-27,,,4,0,25,555,250,1340
2020-07-28,,,4,0,25,559,250,1365
2020-07-29,,,5,0,26,564,250,1391
2020-07-30,,,5,0,27,568,250,1418
2020-07-31,,,5,0,28,573,251,1446
2020-08-01,,,5,0,29,578,251,1475
2020-08-02,,,5,0,30,583,251,1505
2020-08-03,,,5,0,31,588,251,1536
2020-08-04,,,5,0,32,593,251,1567
