date,actual_deaths,total_deaths,predicted_deaths_mean,predicted_deaths_lower,predicted_deaths_upper,predicted_total_deaths_mean,predicted_total_deaths_lower,predicted_total_deaths_upper,predicted_total_infected_mean,predicted_total_infected_lower,predicted_total_infected_upper
2020-02-23,,,,,,,,,75,50,150
2020-02-24,,,,,,,,,149,100,300
2020-02-25,,,,,,,,,224,150,450
2020-02-26,,,,,,,,,298,200,600
2020-02-27,,,,,,,,,373,250,750
2020-02-28,,,,,,,,,448,300,900
2020-02-29,,,,,,,,,522,350,1050
2020-03-01,,,,,,,,,597,400,1200
2020-03-02,,,,,,,,,671,450,1350
2020-03-03,,,,,,,,,908,599,1753
2020-03-04,,,,,,,,,1143,749,2150
2020-03-05,,,,,,,,,1394,908,2563
2020-03-06,,,,,,,,,1679,1086,3009
2020-03-07,,,,,,,,,2031,1305,3535
2020-03-08,,,,,,,,,2490,1585,4208
2020-03-09,,,,,,,,,3028,1916,4978
2020-03-10,,,,,,,,,3635,2293,5822
2020-03-11,,,,,,,,,4323,2725,6745
2020-03-12,,,,,,,,,5102,3224,7750
2020-03-13,,,,,,,,,5983,3804,8869
2020-03-14,,,,,,,,,6950,4466,10068
2020-03-15,,,,,,,,,7982,5207,11318
2020-03-16,,,,,,,,,9063,6026,12604
2020-03-17,,,,,,,,,10180,6906,13968
2020-03-18,,,,,,,,,11322,7826,15385
2020-03-19,,,,,,,,,12477,8769,16807
2020-03-20,3,3,,,,,,,13632,9727,18215
2020-03-21,1,4,,,,,,,14778,10685,19595
2020-03-22,0,4,,,,,,,15912,11637,20965
2020-03-23,1,5,,,,,,,17029,12576,22315
2020-03-24,0,5,,,,,,,18128,13497,23644
2020-03-25,2,7,,,,,,,19207,14396,24951
2020-03-26,3,10,,,,,,,20263,15267,26241
2020-03-27,4,14,,,,,,,21297,16101,27500
2020-03-28,3,17,,,,,,,22309,16906,28736
2020-03-29,1,18,,,,,,,23299,17689,29957
2020-03-30,2,20,,,,,,,24266,18444,31159
2020-03-31,5,25,,,,,,,25212,19166,32352
2020-04-01,2,27,,,,,,,26137,19861,33537
2020-04-02,11,38,,,,,,,27041,20533,34721
2020-04-03,13,51,,,,,,,27925,21177,35902
2020-04-04,3,54,,,,,,,28789,21792,37085
2020-04-05,20,74,,,,,,,29635,22382,38260
2020-04-06,4,78,,,,,,,30462,22947,39435
2020-04-07,14,92,,,,,,,31272,23489,40609
2020-04-08,8,100,,,,,,,32064,24009,41779
2020-04-09,11,111,,,,,,,32840,24506,42955
2020-04-10,17,128,,,,,,,33600,24983,44131
2020-04-11,9,137,,,,,,,34344,25441,45308
2020-04-12,7,144,,,,,,,35073,25879,46486
2020-04-13,10,154,,,,,,,35787,26301,47664
2020-04-14,16,170,,,,,,,36487,26705,48847
2020-04-15,13,183,,,,,,,37174,27094,50035
2020-04-16,14,197,,,,,,,37847,27468,51229
2020-04-17,9,206,,,,,,,38508,27827,52427
2020-04-18,6,212,,,,,,,39156,28173,53624
2020-04-19,8,220,,,,,,,39792,28505,54819
2020-04-20,10,230,,,,,,,40416,28826,56013
2020-04-21,14,244,,,,,,,41028,29134,57204
2020-04-22,4,248,,,,,,,41630,29431,58393
2020-04-23,10,258,,,,,,,42221,29718,59580
2020-04-24,,,9,6,12,267,264,270,42801,29994,60765
2020-04-25,,,9,6,12,276,271,282,43371,30261,61947
2020-04-26,,,9,6,12,285,277,294,43931,30519,63126
2020-04-27,,,8,5,12,293,283,306,44481,30767,64303
2020-04-28,,,8,5,12,301,289,317,45022,31007,65476
2020-04-29,,,8,5,12,309,294,329,45553,31239,66646
2020-04-30,,,8,5,12,317,299,341,46076,31464,67812
2020-05-01,,,8,5,12,325,304,353,46589,31681,68974
2020-05-02,,,8,4,12,333,309,364,47094,31890,70133
2020-05-03,,,7,4,12,340,314,376,47591,32094,71287
2020-05-04,,,7,4,12,348,318,388,48079,32290,72438
2020-05-05,,,7,4,12,355,322,400,48560,32480,73584
2020-05-06,,,7,4,12,362,326,412,49032,32665,74725
2020-05-07,,,7,3,12,369,330,423,49497,32843,75862
2020-05-08,,,7,3,12,375,334,435,49954,33016,76994
2020-05-09,,,7,3,12,382,338,447,50404,33184,78121
2020-05-10,,,6,3,12,388,341,459,50846,33347,79243
2020-05-11,,,6,3,12,395,344,471,51281,33505,80359
2020-05-12,,,6,3,12,401,348,483,51709,33658,81471
2020-05-13,,,6,3,12,407,351,495,52130,33806,82577
2020-05-14,,,6,2,12,413,354,507,52545,33950,83677
2020-05-15,,,6,2,12,419,357,519,52952,34090,84771
2020-05-16,,,6,2,12,425,359,531,53353,34225,85860
2020-05-17,,,6,2,12,431,362,542,53748,34357,86942
2020-05-18,,,6,2,12,436,365,554,54136,34485,88018
2020-05-19,,,6,2,12,442,367,566,54517,34609,89088
2020-05-20,,,5,2,12,447,370,578,54893,34729,90152
2020-05-21,,,5,2,12,453,372,589,55262,34846,91209
2020-05-22,,,5,2,12,458,374,601,55626,34959,92259
2020-05-23,,,5,2,12,463,376,613,55983,35069,93302
2020-05-24,,,5,2,12,468,379,624,56334,35176,94339
2020-05-25,,,5,2,12,473,381,636,56680,35279,95368
2020-05-26,,,5,1,12,478,383,647,57020,35380,96391
2020-05-27,,,5,1,12,483,384,659,57354,35477,97406
2020-05-28,,,5,1,12,487,386,670,57682,35572,98413
2020-05-29,,,5,1,12,492,388,682,58005,35664,99414
2020-05-30,,,5,1,12,497,390,693,58322,35753,100406
2020-05-31,,,5,1,12,501,392,704,58633,35839,101391
2020-06-01,,,4,1,12,506,393,715,58969,35925,102514
2020-06-02,,,4,1,12,510,395,727,59298,36009,103629
2020-06-03,,,4,1,12,514,396,738,59623,36090,104745
2020-06-04,,,4,1,12,518,398,749,59945,36168,105872
2020-06-05,,,4,1,11,523,399,760,60268,36243,107033
2020-06-06,,,4,1,11,527,401,771,60594,36316,108248
2020-06-07,,,4,1,11,531,402,781,60920,36387,109497
2020-06-08,,,4,1,11,535,403,792,61246,36455,110765
2020-06-09,,,4,1,11,538,405,803,61571,36520,112056
2020-06-10,,,4,1,11,542,406,814,61895,36583,113358
2020-06-11,,,4,1,11,546,407,824,62220,36644,114682
2020-06-12,,,4,1,11,550,408,835,62546,36702,116015
2020-06-13,,,4,1,11,553,409,845,62871,36758,117350
2020-06-14,,,4,1,11,557,410,856,63196,36812,118691
2020-06-15,,,4,1,11,560,411,866,63521,36864,120030
2020-06-16,,,3,1,11,564,413,877,63846,36913,121370
2020-06-17,,,3,1,11,567,414,887,64170,36960,122721
2020-06-18,,,3,0,11,571,415,897,64495,37005,124088
2020-06-19,,,3,0,11,574,415,907,64820,37048,125481
2020-06-20,,,3,0,11,577,416,917,65144,37089,126904
2020-06-21,,,3,0,11,580,417,927,65468,37127,128360
2020-06-22,,,3,0,11,584,418,938,65792,37164,129850
2020-06-23,,,3,0,11,587,419,948,66117,37198,131373
2020-06-24,,,3,0,11,590,420,959,66441,37231,132927
2020-06-25,,,3,0,12,593,421,970,66765,37261,134514
2020-06-26,,,3,0,12,597,421,982,67089,37290,136140
2020-06-27,,,3,0,12,600,422,994,67414,37317,137806
2020-06-28,,,3,0,13,603,423,1006,67740,37343,139513
2020-06-29,,,3,0,13,606,424,1018,68066,37367,141261
2020-06-30,,,3,0,13,610,424,1031,68393,37390,143054
2020-07-01,,,3,0,13,613,425,1044,68721,37412,144888
2020-07-02,,,3,0,14,616,426,1057,69050,37432,146767
2020-07-03,,,3,0,14,619,426,1070,69381,37452,148692
2020-07-04,,,3,0,14,623,427,1084,69712,37470,150663
2020-07-05,,,3,0,14,626,427,1097,70046,37487,152683
2020-07-06,,,3,0,14,629,428,1110,70381,37503,154751
2020-07-07,,,3,0,14,632,428,1124,70717,37519,156869
2020-07-08,,,3,0,14,636,429,1137,71056,37533,159038
2020-07-09,,,3,0,14,639,429,1151,71396,37547,161260
2020-07-10,,,3,0,14,642,430,1164,71739,37560,163535
2020-07-11,,,3,0,14,645,430,1178,72084,37572,165864
2020-07-12,,,3,0,15,649,431,1192,72431,37583,168250
2020-07-13,,,3,0,15,652,431,1207,72781,37594,170692
2020-07-14,,,3,0,15,655,431,1222,73133,37604,173193
2020-07-15,,,3,0,16,658,432,1237,73488,37614,175753
2020-07-16,,,3,0,16,662,432,1253,73846,37623,178374
2020-07-17,,,3,0,16,665,432,1269,74207,37632,181058
2020-07-18,,,3,0,17,668,433,1285,74571,37640,183805
2020-07-19,,,3,0,17,671,433,1302,74938,37647,186616
2020-07-20,,,3,0,18,675,433,1319,75309,37655,189494
2020-07-21,,,3,0,18,678,434,1336,75683,37662,192440
2020-07-22,,,3,0,18,681,434,1354,76061,37668,195454
2020-07-23,,,3,0,19,685,434,1373,76443,37674,198540
2020-07-24,,,3,0,19,688,434,1391,76828,37680,201697
2020-07-25,,,3,0,20,691,434,1411,77217,37685,204927
2020-07-26,,,3,0,20,694,435,1430,77611,37690,208233
2020-07-27,,,3,0,21,698,435,1451,78009,37695,211604
2020-07-28,,,3,0,21,701,435,1471,78411,37700,215031
2020-07-29,,,3,0,22,705,435,1493,78818,37704,218528
2020-07-30,,,3,0,22,708,435,1514,79229,37708,222105
2020-07-31,,,3,0,23,711,435,1537,79645,37712,225763
2020-08-01,,,3,0,23,715,435,1559,80066,37716,229503
2020-08-02,,,3,0,24,718,436,1583,80492,37719,233323
2020-08-03,,,3,0,24,722,436,1607,80923,37722,237213
2020-08-04,,,4,0,25,725,436,1631,81360,37725,241171
