date,actual_deaths,total_deaths,predicted_deaths_mean,predicted_deaths_lower,predicted_deaths_upper,predicted_total_deaths_mean,predicted_total_deaths_lower,predicted_total_deaths_upper,predicted_new_infected_mean,predicted_new_infected_lower,predicted_new_infected_upper,predicted_current_infected_mean,predicted_current_infected_lower,predicted_current_infected_upper,predicted_total_infected_mean,predicted_total_infected_lower,predicted_total_infected_upper,r_values_mean
2020-02-22,,,,,,,,,66,50,75,66,50,75,66,50,75,2.28979544112
2020-02-23,,,,,,,,,66,50,75,133,100,150,133,100,150,2.27053835031
2020-02-24,,,,,,,,,66,50,75,199,150,225,199,150,225,2.26632749055
2020-02-25,,,,,,,,,66,50,75,266,200,300,266,200,300,2.26120639256
2020-02-26,,,,,,,,,66,50,75,332,250,375,332,250,375,2.2549815774
2020-02-27,,,,,,,,,66,50,75,399,300,450,399,300,450,2.2474188253
2020-02-28,,,,,,,,,66,50,75,465,350,525,465,350,525,2.23823413968
2020-02-29,,,,,,,,,66,50,75,531,400,600,531,400,600,2.22708235313
2020-03-01,,,,,,,,,66,50,75,598,450,675,598,450,675,2.21354288011
2020-03-02,,,,,,,,,211,148,280,809,598,955,809,598,955,2.19710257087
2020-03-03,,,,,,,,,209,147,276,1018,745,1231,1018,745,1231,2.17713702428
2020-03-04,,,,,,,,,223,155,299,1241,901,1529,1241,901,1529,2.15289488413
2020-03-05,,,,,,,,,250,173,344,1491,1074,1873,1491,1074,1873,2.12349525496
2020-03-06,,,,,,,,,308,210,437,1799,1284,2310,1799,1284,2310,2.08795564837
2020-03-07,,,,,,,,,396,267,573,2196,1552,2883,2196,1552,2883,2.04527228442
2020-03-08,,,,,,,,,461,311,669,2590,1813,3477,2656,1863,3552,1.99456711431
2020-03-09,,,,,,,,,513,348,752,3037,2112,4154,3170,2212,4304,1.9352894801
2020-03-10,,,,,,,,,574,393,839,3544,2456,4918,3744,2606,5143,1.86742360136
2020-03-11,,,,,,,,,643,447,933,4120,2853,5775,4386,3053,6075,1.79163399087
2020-03-12,,,,,,,,,721,499,1037,4775,3302,6736,5107,3552,7111,1.70930005093
2020-03-13,,,,,,,,,788,550,1113,5497,3803,7774,5895,4103,8224,1.62243282476
2020-03-14,,,,,,,,,843,594,1208,6273,4348,8907,6738,4698,9432,1.53349736376
2020-03-15,,,,,,,,,888,637,1256,7094,4935,10088,7626,5335,10688,1.4451739331
2020-03-16,,,,,,,,,927,666,1286,7955,5552,11298,8553,6002,11973,1.36009482956
2020-03-17,1,1,,,,,,,961,703,1308,8705,6107,12326,9514,6705,13281,1.28059551625
2020-03-18,0,1,,,,,,,986,721,1310,9482,6681,13360,10500,7427,14590,1.20851054919
2020-03-19,1,2,,,,,,,1000,734,1307,10259,7260,14368,11500,8161,15897,1.14503163663
2020-03-20,0,2,,,,,,,1007,739,1294,11016,7826,15317,12507,8900,17190,1.09064366279
2020-03-21,0,2,,,,,,,1009,739,1282,11717,8355,16162,13516,9639,18472,1.04515947302
2020-03-22,1,3,,,,,,,1007,738,1259,12327,8825,16848,14523,10377,19730,1.00785881207
2020-03-23,0,3,,,,,,,1001,735,1259,12867,9250,17438,15524,11113,20989,0.977696499893
2020-03-24,3,6,,,,,,,993,731,1248,13347,9632,17933,16516,11844,22236,0.953514668095
2020-03-25,4,10,,,,,,,982,729,1243,13755,9967,18337,17498,12574,23479,0.93420325554
2020-03-26,0,10,,,,,,,969,727,1233,14081,10247,18637,18467,13301,24711,0.918789208146
2020-03-27,10,20,,,,,,,955,724,1212,14315,10472,18812,19421,14025,25922,0.906466120354
2020-03-28,8,28,,,,,,,940,721,1187,14466,10642,18885,20361,14746,27109,0.896587586377
2020-03-29,11,39,,,,,,,924,716,1167,14547,10764,18843,21285,15463,28275,0.888644458037
2020-03-30,3,42,,,,,,,908,709,1138,14567,10836,18725,22193,16172,29412,0.882238495222
2020-03-31,9,51,,,,,,,891,703,1114,14531,10873,18553,23085,16875,30526,0.877058336281
2020-04-01,6,57,,,,,,,875,686,1085,14445,10857,18330,23959,17562,31610,0.872859742608
2020-04-02,3,60,,,,,,,858,678,1059,14317,10813,18078,24817,18240,32668,0.869450161561
2020-04-03,8,68,,,,,,,841,668,1037,14159,10747,17809,25659,18908,33705,0.866676945981
2020-04-04,0,68,,,,,,,825,654,1025,13976,10662,17539,26484,19563,34729,0.864418437353
2020-04-05,14,82,,,,,,,809,641,1010,13776,10565,17267,27292,20205,35738,0.86257721069
2020-04-06,4,86,,,,,,,793,626,995,13562,10453,17003,28085,20831,36732,0.861074927015
2020-04-07,12,98,,,,,,,777,614,976,13338,10332,16720,28861,21446,37708,0.859848378423
2020-04-08,10,108,,,,,,,761,593,955,13106,10195,16427,29622,22039,38663,0.858846422135
2020-04-09,10,118,,,,,,,746,582,935,12870,10048,16119,30368,22622,39597,0.858027583056
2020-04-10,8,126,,,,,,,731,573,914,12632,9894,15800,31099,23195,40511,0.857358164324
2020-04-11,9,135,,,,,,,716,561,894,12393,9731,15482,31815,23757,41404,0.856693869438
2020-04-12,38,173,,,,,,,701,543,881,12155,9553,15177,32516,24300,42285,0.85595991993
2020-04-13,4,177,,,,,,,687,524,876,11917,9362,14886,33203,24825,43160,0.855332372086
2020-04-14,6,183,,,,,,,673,507,865,11682,9159,14612,33876,25332,44024,0.854912169783
2020-04-15,6,189,,,,,,,659,490,852,11450,8947,14349,34535,25823,44875,0.854593143266
2020-04-16,7,196,,,,,,,646,474,839,11221,8735,14104,35180,26298,45714,0.854346882342
2020-04-17,4,200,,,,,,,633,459,828,10996,8516,13873,35813,26757,46541,0.854347562379
2020-04-18,17,217,,,,,,,620,445,817,10774,8294,13653,36433,27203,47358,0.854348576862
2020-04-19,9,226,,,,,,,607,432,807,10557,8071,13436,37041,27635,48164,0.854350090269
2020-04-20,9,235,,,,,,,595,418,797,10344,7848,13224,37636,28053,48961,0.85435234795
2020-04-21,10,245,,,,,,,583,406,794,10134,7627,13023,38219,28459,49754,0.854355715889
2020-04-22,15,260,,,,,,,571,392,781,9929,7406,12827,38791,28852,50535,0.854360739984
2020-04-23,5,265,,,,,,,560,380,774,9728,7193,12646,39351,29232,51309,0.854368234431
2020-04-24,2,267,,,,,,,549,367,770,9531,6977,12481,39899,29600,52078,0.854379413447
2020-04-25,6,273,,,,,,,538,355,766,9338,6760,12333,40437,29956,52843,0.8543960875
2020-04-26,5,278,,,,,,,527,344,755,9149,6542,12194,40963,30300,53598,0.854420955413
2020-04-27,4,282,,,,,,,516,334,745,8964,6334,12058,41480,30634,54342,0.854458038739
2020-04-28,4,286,,,,,,,506,323,734,8783,6132,11916,41985,30958,55076,0.854513326668
2020-04-29,7,293,,,,,,,495,313,724,8605,5938,11776,42481,31271,55799,0.854595731224
2020-04-30,8,301,,,,,,,485,303,720,8431,5750,11643,42966,31574,56518,0.85471849699
2020-05-01,12,313,,,,,,,476,293,711,8261,5569,11516,43441,31867,57229,0.854901270426
2020-05-02,13,326,,,,,,,466,283,704,8094,5394,11391,43907,32151,57932,0.855173112589
2020-05-03,7,333,,,,,,,456,274,693,7931,5223,11268,44364,32426,58625,0.855576830579
2020-05-04,13,346,,,,,,,447,266,683,7771,5057,11144,44811,32692,59307,0.856175084577
2020-05-05,8,354,,,,,,,439,257,673,7614,4896,11019,45250,32950,59980,0.857058735011
2020-05-06,8,362,,,,,,,430,250,664,7461,4740,10890,45680,33200,60643,0.858357679186
2020-05-07,11,373,,,,,,,422,242,655,7311,4590,10764,46102,33443,61298,0.860253682888
2020-05-08,7,380,,,,,,,414,235,647,7166,4446,10636,46516,33679,61944,0.862992901284
2020-05-09,5,385,,,,,,,408,230,639,7025,4309,10506,46924,33909,62583,0.866892173029
2020-05-10,3,388,,,,,,,402,225,633,6889,4178,10374,47326,34134,63216,0.872327363793
2020-05-11,5,393,,,,,,,397,220,629,6759,4055,10248,47722,34355,63845,0.879685671905
2020-05-12,9,402,,,,,,,393,217,626,6636,3938,10129,48115,34573,64471,0.889263736768
2020-05-13,7,409,,,,,,,391,216,625,6521,3831,10020,48506,34789,65095,0.901113117994
2020-05-14,13,422,,,,,,,390,213,635,6415,3731,9932,48896,35002,65730,0.9148838141
2020-05-15,2,424,,,,,,,390,210,647,6319,3638,9859,49285,35213,66377,0.929770933202
2020-05-16,4,428,,,,,,,389,205,651,6233,3551,9799,49674,35419,67027,0.941000651414
2020-05-17,0,428,,,,,,,389,202,662,6156,3469,9757,50063,35621,67689,0.951743313298
2020-05-18,6,434,,,,,,,390,200,673,6090,3395,9737,50453,35822,68361,0.961592848592
2020-05-19,7,441,,,,,,,391,198,688,6034,3328,9742,50845,36021,69049,0.970278129636
2020-05-20,5,446,,,,,,,393,196,702,5988,3266,9771,51238,36217,69750,0.977677318311
2020-05-21,2,448,,,,,,,395,192,718,5953,3208,9824,51633,36409,70467,0.98379801062
2020-05-22,8,456,,,,,,,397,188,734,5928,3154,9903,52030,36598,71201,0.988739016685
2020-05-23,2,458,,,,,,,399,184,742,5912,3103,9999,52428,36782,71943,0.992649693375
2020-05-24,0,458,,,,,,,402,181,761,5906,3054,10120,52830,36963,72703,0.995696781395
2020-05-25,2,460,,,,,,,404,177,775,5909,3007,10261,53234,37141,73477,0.998042132669
2020-05-26,8,468,,,,,,,407,174,789,5919,2960,10421,53642,37316,74266,0.999830422016
2020-05-27,,,4,2,7,472,470,475,410,171,807,5937,2914,10602,54052,37487,75072,
2020-05-28,,,4,2,7,476,472,481,413,167,828,5959,2865,10805,54465,37655,75899,
2020-05-29,,,4,2,7,480,474,487,417,164,849,5987,2816,11018,54882,37819,76748,
2020-05-30,,,4,2,7,484,477,493,421,161,871,6018,2768,11242,55303,37981,77619,
2020-05-31,,,4,2,7,488,479,499,424,158,891,6054,2720,11482,55728,38139,78509,
2020-06-01,,,4,2,6,491,481,505,428,155,913,6093,2673,11733,56156,38295,79421,
2020-06-02,,,4,2,6,495,483,511,432,152,936,6134,2625,11996,56588,38447,80357,
2020-06-03,,,4,2,6,499,485,517,436,150,960,6179,2576,12269,57024,38598,81317,
2020-06-04,,,4,2,6,503,487,523,440,147,985,6226,2528,12552,57464,38745,82302,
2020-06-05,,,4,2,7,506,489,529,444,145,1010,6275,2481,12844,57908,38891,83311,
2020-06-06,,,4,2,7,510,491,535,449,143,1028,6327,2436,13137,58356,39034,84338,
2020-06-07,,,4,1,7,514,493,541,453,140,1053,6381,2392,13448,58809,39175,85390,
2020-06-08,,,4,1,7,518,495,548,457,138,1079,6437,2350,13766,59267,39313,86468,
2020-06-09,,,4,1,7,521,497,554,462,136,1106,6495,2308,14097,59729,39449,87574,
2020-06-10,,,4,1,7,525,499,561,467,133,1133,6554,2267,14441,60196,39583,88706,
2020-06-11,,,4,1,7,529,501,568,472,131,1162,6616,2228,14796,60668,39715,89867,
2020-06-12,,,4,1,7,533,503,574,477,129,1190,6679,2189,15158,61145,39844,91057,
2020-06-13,,,4,1,7,536,504,581,482,127,1220,6745,2152,15529,61627,39971,92276,
2020-06-14,,,4,1,8,540,506,588,487,124,1251,6811,2115,15908,62114,40096,93526,
2020-06-15,,,4,1,8,544,508,596,492,122,1281,6879,2079,16298,62607,40219,94807,
2020-06-16,,,4,1,8,548,510,603,497,120,1312,6948,2044,16697,63104,40339,96118,
2020-06-17,,,4,1,8,552,511,610,502,117,1343,7019,2009,17104,63606,40457,97461,
2020-06-18,,,4,1,8,555,513,618,508,115,1375,7090,1974,17519,64114,40573,98836,
2020-06-19,,,4,1,8,559,514,626,513,113,1408,7163,1940,17942,64627,40686,100243,
2020-06-20,,,4,1,8,563,516,634,518,111,1441,7237,1906,18373,65145,40797,101683,
2020-06-21,,,4,1,9,567,517,642,523,109,1474,7312,1872,18819,65668,40906,103157,
2020-06-22,,,4,1,9,571,519,650,529,107,1508,7388,1838,19274,66197,41014,104664,
2020-06-23,,,4,1,9,575,520,658,534,105,1542,7464,1805,19737,66731,41119,106205,
2020-06-24,,,4,1,9,579,522,667,539,103,1576,7541,1772,20208,67270,41222,107781,
2020-06-25,,,4,1,9,583,523,676,544,101,1611,7618,1739,20686,67815,41323,109391,
2020-06-26,,,4,1,10,587,524,685,550,99,1646,7696,1707,21170,68364,41422,111037,
2020-06-27,,,4,1,10,591,526,694,555,97,1682,7774,1675,21662,68919,41519,112718,
2020-06-28,,,4,1,10,595,527,704,560,95,1718,7853,1643,22160,69480,41615,114435,
2020-06-29,,,4,1,10,599,528,713,566,93,1754,7931,1611,22663,70045,41708,116189,
2020-06-30,,,4,1,10,603,530,723,571,91,1791,8010,1581,23173,70616,41800,117979,
2020-07-01,,,4,1,11,608,531,733,576,90,1827,8089,1551,23688,71193,41890,119806,
2020-07-02,,,4,1,11,612,532,744,582,88,1865,8168,1521,24210,71775,41979,121670,
2020-07-03,,,4,1,11,616,533,754,587,86,1902,8248,1492,24736,72362,42065,123572,
2020-07-04,,,4,1,11,620,534,765,592,85,1940,8327,1464,25269,72954,42151,125511,
2020-07-05,,,4,1,11,625,536,776,598,83,1978,8407,1436,25806,73552,42234,127489,
2020-07-06,,,4,1,12,629,537,787,603,81,2016,8486,1409,26348,74155,42316,129504,
2020-07-07,,,4,1,12,633,538,798,608,80,2055,8566,1382,26896,74763,42396,131559,
2020-07-08,,,4,1,12,638,539,810,614,78,2094,8646,1356,27447,75377,42475,133652,
2020-07-09,,,4,1,12,642,540,822,619,77,2133,8726,1331,28004,75996,42553,135784,
2020-07-10,,,4,1,13,647,541,834,624,76,2172,8805,1306,28564,76620,42629,137955,
2020-07-11,,,5,0,13,651,542,847,629,74,2211,8885,1281,29129,77249,42703,140166,
2020-07-12,,,5,0,13,656,543,859,635,73,2251,8965,1257,29698,77884,42777,142416,
2020-07-13,,,5,0,13,661,544,872,640,71,2290,9044,1233,30271,78524,42849,144706,
2020-07-14,,,5,0,14,665,545,886,645,70,2330,9123,1210,30847,79169,42919,147035,
2020-07-15,,,5,0,14,670,546,899,650,69,2370,9203,1188,31426,79819,42989,149404,
2020-07-16,,,5,0,14,675,547,913,655,68,2410,9281,1166,32008,80474,43057,151814,
2020-07-17,,,5,0,15,679,547,927,660,66,2450,9360,1144,32594,81135,43124,154263,
2020-07-18,,,5,0,15,684,548,941,665,65,2490,9438,1123,33181,81800,43189,156753,
2020-07-19,,,5,0,15,689,549,956,670,64,2530,9516,1103,33771,82470,43254,159282,
2020-07-20,,,5,0,15,694,550,971,675,63,2570,9594,1083,34364,83146,43317,161852,
2020-07-21,,,5,0,16,699,551,986,680,62,2610,9671,1063,34957,83826,43379,164461,
2020-07-22,,,5,0,16,704,552,1001,685,61,2650,9748,1044,35553,84511,43441,167111,
2020-07-23,,,5,0,16,708,552,1017,690,60,2690,9824,1025,36150,85201,43501,169801,
2020-07-24,,,5,0,16,713,553,1033,695,59,2730,9899,1007,36747,85895,43560,172531,
2020-07-25,,,5,0,17,718,554,1049,699,58,2770,9974,989,37345,86594,43618,175300,
2020-07-26,,,5,0,17,723,555,1066,704,57,2810,10049,971,37944,87298,43675,178109,
2020-07-27,,,5,0,17,729,555,1083,708,56,2849,10122,954,38543,88006,43731,180958,
2020-07-28,,,5,0,18,734,556,1100,713,55,2889,10195,937,39141,88719,43787,183846,
2020-07-29,,,5,0,18,739,557,1117,717,54,2928,10268,921,39739,89437,43841,186774,
2020-07-30,,,5,0,18,744,557,1135,722,53,2967,10339,905,40336,90158,43894,189740,
2020-07-31,,,5,0,18,749,558,1153,726,52,3006,10410,890,40932,90884,43947,192745,
2020-08-01,,,5,0,19,754,559,1171,730,51,3044,10479,875,41526,91614,43999,195789,
2020-08-02,,,5,0,19,760,559,1190,734,50,3082,10548,860,42119,92348,44050,198871,
2020-08-03,,,5,0,19,765,560,1208,738,50,3120,10616,845,42709,93086,44100,201991,
2020-08-04,,,5,0,20,770,560,1227,742,49,3158,10683,831,43297,93828,44149,205148,
2020-08-05,,,5,0,20,776,561,1247,746,48,3195,10749,818,43881,94574,44198,208342,
2020-08-06,,,5,0,20,781,562,1266,750,47,3232,10813,804,44463,95324,44245,211574,
2020-08-07,,,5,0,20,786,562,1286,753,47,3268,10877,791,45041,96077,44292,214841,
2020-08-08,,,5,0,21,792,563,1307,757,46,3304,10939,778,45615,96834,44339,218145,
2020-08-09,,,5,0,21,797,563,1327,760,45,3340,11000,766,46185,97594,44385,221484,
2020-08-10,,,5,0,21,803,564,1348,764,45,3375,11060,754,46750,98358,44430,224858,
2020-08-11,,,6,0,22,808,564,1369,767,44,3409,11118,742,47310,99125,44474,228267,
2020-08-12,,,6,0,22,814,565,1390,770,43,3443,11176,731,47864,99895,44518,231710,
2020-08-13,,,6,0,22,819,565,1412,773,43,3477,11231,719,48413,100668,44561,235186,
2020-08-14,,,6,0,22,825,566,1434,776,42,3510,11286,709,48956,101444,44603,238695,
2020-08-15,,,6,0,23,831,566,1456,779,41,3542,11338,698,49492,102222,44645,242237,
2020-08-16,,,6,0,23,836,567,1478,781,41,3574,11390,688,50021,103004,44687,245810,
2020-08-17,,,6,0,23,842,567,1501,784,40,3605,11439,677,50544,103787,44728,249414,
2020-08-18,,,6,0,23,848,568,1524,786,40,3635,11487,668,51058,104574,44768,253048,
2020-08-19,,,6,0,24,853,568,1547,788,39,3665,11534,658,51565,105362,44808,256712,
2020-08-20,,,6,0,24,859,568,1570,791,39,3693,11578,649,52064,106153,44847,260405,
2020-08-21,,,6,0,24,865,569,1594,793,38,3722,11621,640,52553,106945,44886,264127,
2020-08-22,,,6,0,24,871,569,1618,795,38,3749,11663,631,53034,107740,44924,267875,
2020-08-23,,,6,0,25,876,570,1642,796,37,3776,11702,622,53506,108536,44962,271650,
2020-08-24,,,6,0,25,882,570,1666,798,37,3802,11739,614,53968,109334,44999,275452,
2020-08-25,,,6,0,25,888,570,1691,799,36,3827,11775,606,54420,110133,45036,279278,
2020-08-26,,,6,0,25,894,571,1716,801,36,3851,11809,598,54861,110934,45072,283128,
2020-08-27,,,6,0,26,900,571,1741,802,35,3874,11841,590,55292,111736,45108,287002,
2020-08-28,,,6,0,26,906,572,1766,803,35,3897,11871,582,55712,112538,45144,290898,
2020-08-29,,,6,0,26,911,572,1792,804,35,3918,11898,575,56121,113342,45179,294816,
2020-08-30,,,6,0,26,917,572,1817,804,34,3939,11924,568,56518,114146,45214,298754,
2020-08-31,,,6,0,26,923,573,1843,805,34,3959,11948,561,56903,114951,45248,302712,
2020-09-01,,,6,0,27,929,573,1869,805,34,3978,11970,554,57276,115757,45282,306690,
