date,actual_deaths,total_deaths,predicted_deaths_mean,predicted_deaths_lower,predicted_deaths_upper,predicted_total_deaths_mean,predicted_total_deaths_lower,predicted_total_deaths_upper,predicted_new_infected_mean,predicted_new_infected_lower,predicted_new_infected_upper,predicted_current_infected_mean,predicted_current_infected_lower,predicted_current_infected_upper,predicted_total_infected_mean,predicted_total_infected_lower,predicted_total_infected_upper,r_values_mean
2020-02-26,,,,,,,,,57,25,75,57,25,75,57,25,75,1.57584803256
2020-02-27,,,,,,,,,57,25,75,115,50,150,115,50,150,1.5578143187
2020-02-28,,,,,,,,,57,25,75,172,75,225,172,75,225,1.55166351125
2020-02-29,,,,,,,,,57,25,75,230,100,300,230,100,300,1.54350219939
2020-03-01,,,,,,,,,57,25,75,287,125,375,287,125,375,1.53274092863
2020-03-02,,,,,,,,,57,25,75,345,150,450,345,150,450,1.5186671325
2020-03-03,,,,,,,,,57,25,75,402,175,525,402,175,525,1.50045683924
2020-03-04,,,,,,,,,57,25,75,460,200,600,460,200,600,1.47722212017
2020-03-05,,,,,,,,,57,25,75,517,225,675,517,225,675,1.4481155942
2020-03-06,,,,,,,,,134,73,183,652,298,858,652,298,858,1.4124999155
2020-03-07,,,,,,,,,131,73,174,783,372,1032,783,372,1032,1.37014240209
2020-03-08,,,,,,,,,133,77,172,916,449,1204,916,449,1204,1.32133937364
2020-03-09,,,,,,,,,138,85,175,1054,534,1379,1054,534,1379,1.26689665979
2020-03-10,,,,,,,,,152,102,188,1206,637,1567,1206,637,1567,1.20800218123
2020-03-11,,,,,,,,,172,128,212,1378,765,1778,1378,765,1778,1.14608275951
2020-03-12,,,,,,,,,182,145,223,1502,885,1926,1559,910,2001,1.08268478329
2020-03-13,,,,,,,,,185,151,230,1629,1011,2080,1744,1061,2230,1.01938098439
2020-03-14,,,,,,,,,188,152,238,1760,1139,2243,1932,1214,2468,0.957722692983
2020-03-15,,,,,,,,,189,153,241,1891,1268,2408,2121,1368,2708,0.89923678196
2020-03-16,,,,,,,,,191,155,245,2025,1398,2578,2312,1523,2953,0.84540115983
2020-03-17,,,,,,,,,192,155,249,2159,1529,2751,2504,1679,3201,0.797515210643
2020-03-18,,,,,,,,,189,154,245,2291,1659,2920,2693,1834,3445,0.75646619421
2020-03-19,,,,,,,,,186,153,238,2419,1787,3083,2879,1987,3683,0.722523624482
2020-03-20,,,,,,,,,182,151,234,2544,1913,3242,3062,2138,3917,0.695321361493
2020-03-21,1,1,,,,,,,179,149,230,2588,1988,3289,3240,2287,4147,0.674044892378
2020-03-22,0,1,,,,,,,175,148,223,2632,2063,3337,3415,2436,4369,0.657691422588
2020-03-23,0,1,,,,,,,171,146,215,2670,2132,3380,3586,2582,4583,0.645272134477
2020-03-24,1,2,,,,,,,167,143,209,2698,2190,3413,3753,2725,4792,0.635917911642
2020-03-25,2,4,,,,,,,163,140,202,2710,2229,3427,3915,2866,4993,0.628912424299
2020-03-26,0,4,,,,,,,159,137,193,2697,2238,3408,4075,3003,5186,0.623686979516
2020-03-27,1,5,,,,,,,155,134,185,2671,2228,3371,4230,3138,5371,0.619800344753
2020-03-28,2,7,,,,,,,152,131,179,2638,2208,3320,4382,3270,5550,0.616915258833
2020-03-29,0,7,,,,,,,149,127,175,2599,2183,3257,4531,3397,5724,0.614776557882
2020-03-30,0,7,,,,,,,146,123,169,2555,2152,3185,4676,3521,5893,0.613192582776
2020-03-31,1,8,,,,,,,143,119,164,2506,2117,3104,4819,3641,6056,0.612020116502
2020-04-01,0,8,,,,,,,140,116,161,2455,2078,3017,4959,3757,6217,0.611152532777
2020-04-02,1,9,,,,,,,137,113,159,2402,2036,2931,5095,3871,6376,0.61051065083
2020-04-03,0,9,,,,,,,134,109,156,2350,1992,2849,5230,3980,6531,0.610035773353
2020-04-04,2,11,,,,,,,132,106,154,2300,1948,2768,5362,4086,6684,0.609684437059
2020-04-05,2,13,,,,,,,129,102,152,2251,1901,2689,5491,4189,6836,0.609424481437
2020-04-06,2,15,,,,,,,127,99,150,2203,1853,2617,5618,4289,6985,0.609232118686
2020-04-07,0,15,,,,,,,125,97,148,2157,1803,2549,5743,4386,7132,0.609089757037
2020-04-08,0,15,,,,,,,123,94,146,2113,1755,2487,5866,4480,7278,0.608984387285
2020-04-09,1,16,,,,,,,121,92,144,2071,1706,2429,5986,4572,7421,0.608906388485
2020-04-10,6,22,,,,,,,119,90,142,2030,1659,2378,6105,4663,7563,0.608845841488
2020-04-11,1,23,,,,,,,117,88,141,1992,1613,2333,6222,4751,7703,0.608796917361
2020-04-12,0,23,,,,,,,115,86,139,1954,1567,2292,6337,4837,7842,0.608759425212
2020-04-13,1,24,,,,,,,113,84,137,1919,1525,2254,6449,4922,7978,0.608729833412
2020-04-14,5,29,,,,,,,111,83,135,1884,1484,2221,6561,5005,8113,0.608705927548
2020-04-15,1,30,,,,,,,109,80,134,1851,1445,2190,6670,5086,8246,0.608684232907
2020-04-16,2,32,,,,,,,108,78,132,1819,1407,2160,6778,5165,8377,0.608684419526
2020-04-17,1,33,,,,,,,106,76,130,1788,1370,2132,6884,5241,8507,0.608684697927
2020-04-18,0,33,,,,,,,104,74,128,1758,1334,2104,6988,5315,8635,0.608685113249
2020-04-19,2,35,,,,,,,103,72,127,1729,1300,2077,7091,5387,8761,0.608685732825
2020-04-20,2,37,,,,,,,101,70,125,1701,1268,2051,7192,5457,8886,0.608686657102
2020-04-21,1,38,,,,,,,100,68,123,1674,1237,2024,7292,5526,9009,0.608688035909
2020-04-22,0,38,,,,,,,98,67,122,1647,1207,1998,7390,5593,9130,0.608690092732
2020-04-23,2,40,,,,,,,97,65,120,1621,1178,1972,7486,5659,9249,0.608693160898
2020-04-24,0,40,,,,,,,95,64,118,1595,1150,1946,7581,5723,9367,0.608697737497
2020-04-25,1,41,,,,,,,94,63,117,1570,1123,1920,7675,5786,9483,0.608704563719
2020-04-26,0,41,,,,,,,92,61,115,1545,1097,1895,7767,5848,9598,0.608714744442
2020-04-27,0,41,,,,,,,91,60,113,1521,1071,1869,7857,5909,9710,0.608729926055
2020-04-28,3,44,,,,,,,89,59,112,1497,1046,1844,7947,5968,9822,0.608752560485
2020-04-29,1,45,,,,,,,88,58,110,1474,1021,1818,8034,6027,9931,0.608786296243
2020-04-30,0,45,,,,,,,86,57,108,1451,997,1793,8121,6084,10039,0.608836555554
2020-05-01,0,45,,,,,,,85,56,107,1428,975,1768,8205,6140,10145,0.608911381518
2020-05-02,1,46,,,,,,,83,54,105,1405,954,1743,8289,6195,10249,0.609022671499
2020-05-03,0,46,,,,,,,82,53,103,1383,933,1718,8371,6249,10352,0.609187950375
2020-05-04,0,46,,,,,,,81,52,102,1361,914,1692,8452,6302,10453,0.609432870717
2020-05-05,0,46,,,,,,,79,51,100,1339,896,1667,8531,6354,10553,0.609794630049
2020-05-06,2,48,,,,,,,78,50,98,1317,878,1642,8609,6404,10650,0.610326407276
2020-05-07,1,49,,,,,,,77,49,97,1296,861,1617,8686,6454,10747,0.611102615839
2020-05-08,0,49,,,,,,,75,49,95,1275,844,1593,8761,6503,10841,0.612224029669
2020-05-09,0,49,,,,,,,74,48,94,1254,828,1568,8835,6552,10935,0.613820359947
2020-05-10,1,50,,,,,,,73,47,92,1234,812,1544,8909,6599,11027,0.616045483034
2020-05-11,0,50,,,,,,,72,46,91,1214,797,1520,8981,6645,11117,0.619057914791
2020-05-12,0,50,,,,,,,71,45,90,1194,781,1496,9051,6691,11206,0.622979096986
2020-05-13,4,54,,,,,,,70,44,89,1175,766,1473,9122,6735,11294,0.627830137709
2020-05-14,0,54,,,,,,,69,43,89,1156,752,1452,9191,6779,11383,0.633467749186
2020-05-15,0,54,,,,,,,68,43,89,1139,738,1432,9259,6823,11471,0.639562415197
2020-05-16,1,55,,,,,,,68,42,89,1121,725,1414,9327,6865,11559,0.644159770899
2020-05-17,1,56,,,,,,,67,41,88,1104,711,1398,9393,6906,11647,0.648557729685
2020-05-18,3,59,,,,,,,66,40,88,1088,698,1383,9459,6947,11734,0.652590049677
2020-05-19,,,1,0,1,60,59,60,65,39,88,1073,684,1369,9524,6986,11822,
2020-05-20,,,1,0,1,60,59,61,64,38,88,1057,671,1357,9589,7025,11909,
2020-05-21,,,1,0,1,61,60,62,63,37,88,1043,658,1347,9652,7063,11997,
2020-05-22,,,1,0,1,62,60,63,62,36,88,1029,645,1338,9714,7099,12084,
2020-05-23,,,1,0,1,62,61,64,62,36,88,1015,632,1331,9776,7136,12172,
2020-05-24,,,1,0,1,63,61,64,61,35,88,1001,619,1325,9837,7171,12259,
2020-05-25,,,1,0,1,64,62,65,60,35,88,988,607,1320,9896,7207,12346,
2020-05-26,,,1,0,1,64,62,66,59,35,87,974,596,1316,9955,7242,12433,
2020-05-27,,,1,0,1,65,62,67,58,34,87,961,585,1314,10012,7276,12519,
2020-05-28,,,1,0,1,65,63,67,56,33,86,947,574,1311,10069,7310,12605,
2020-05-29,,,1,0,1,66,63,68,55,33,86,934,564,1309,10124,7343,12691,
2020-05-30,,,1,0,1,66,63,69,54,32,85,919,552,1306,10179,7376,12776,
2020-05-31,,,1,0,1,67,64,70,53,31,85,905,541,1302,10232,7407,12860,
2020-06-01,,,1,0,1,68,64,70,52,30,84,890,530,1297,10284,7437,12944,
2020-06-02,,,1,0,1,68,64,71,51,29,83,875,519,1292,10334,7467,13026,
2020-06-03,,,1,0,1,69,65,72,50,28,82,860,508,1287,10384,7495,13108,
2020-06-04,,,1,0,1,69,65,72,48,27,81,844,497,1280,10432,7523,13189,
2020-06-05,,,1,0,1,70,65,73,47,26,80,827,486,1273,10479,7549,13269,
2020-06-06,,,1,0,1,70,66,74,46,25,79,811,475,1264,10525,7575,13348,
2020-06-07,,,1,0,1,71,66,74,44,24,78,794,463,1254,10570,7599,13426,
2020-06-08,,,0,0,1,71,66,75,43,23,77,776,451,1244,10613,7623,13502,
2020-06-09,,,0,0,1,72,67,76,42,22,76,758,439,1232,10655,7646,13578,
2020-06-10,,,0,0,1,72,67,76,40,21,75,740,425,1219,10695,7667,13652,
2020-06-11,,,0,0,1,73,67,77,39,20,73,722,411,1206,10734,7688,13724,
2020-06-12,,,0,0,1,73,68,77,38,19,72,703,397,1191,10772,7708,13796,
2020-06-13,,,0,0,1,74,68,78,36,18,70,684,383,1175,10808,7727,13866,
2020-06-14,,,0,0,1,74,68,79,35,17,69,665,369,1159,10843,7745,13934,
2020-06-15,,,0,0,1,75,68,79,34,16,67,645,354,1142,10877,7762,14001,
2020-06-16,,,0,0,1,75,69,80,32,15,66,625,340,1123,10909,7778,14066,
2020-06-17,,,0,0,1,75,69,81,31,14,64,605,325,1104,10940,7793,14130,
2020-06-18,,,0,0,1,76,69,81,29,13,63,585,311,1085,10969,7807,14192,
2020-06-19,,,0,0,1,76,69,82,28,12,61,565,296,1064,10997,7819,14253,
2020-06-20,,,0,0,1,77,70,83,26,11,59,544,282,1043,11023,7831,14312,
2020-06-21,,,0,0,1,77,70,83,25,10,57,523,267,1021,11048,7842,14369,
2020-06-22,,,0,0,1,77,70,84,24,9,56,502,252,999,11072,7852,14424,
2020-06-23,,,0,0,1,78,70,85,22,8,54,481,238,975,11094,7861,14477,
2020-06-24,,,0,0,1,78,71,85,21,8,52,460,223,952,11114,7869,14529,
2020-06-25,,,0,0,1,79,71,86,19,7,50,439,208,927,11134,7876,14578,
2020-06-26,,,0,0,1,79,71,86,18,6,48,417,194,902,11151,7882,14626,
2020-06-27,,,0,0,1,79,71,87,17,5,47,396,179,877,11168,7888,14672,
2020-06-28,,,0,0,1,80,71,88,16,5,45,375,166,852,11183,7893,14717,
2020-06-29,,,0,0,1,80,72,88,15,4,44,355,152,826,11198,7898,14760,
2020-06-30,,,0,0,1,80,72,89,14,4,42,335,140,801,11212,7902,14802,
2020-07-01,,,0,0,1,81,72,89,13,3,41,316,127,776,11225,7905,14842,
2020-07-02,,,0,0,1,81,72,90,12,3,39,297,115,751,11237,7908,14881,
2020-07-03,,,0,0,1,81,72,90,11,2,38,279,104,726,11248,7911,14918,
2020-07-04,,,0,0,1,81,72,91,11,2,37,262,93,702,11259,7913,14954,
2020-07-05,,,0,0,1,82,73,91,10,2,35,245,83,678,11269,7915,14989,
2020-07-06,,,0,0,1,82,73,92,9,1,34,230,74,655,11278,7917,15023,
2020-07-07,,,0,0,1,82,73,92,9,1,33,215,66,632,11287,7919,15055,
2020-07-08,,,0,0,1,83,73,93,8,1,32,202,58,610,11295,7920,15087,
2020-07-09,,,0,0,1,83,73,93,8,1,31,189,51,589,11303,7921,15117,
2020-07-10,,,0,0,1,83,73,94,7,1,30,177,45,569,11311,7922,15147,
2020-07-11,,,0,0,1,83,73,94,7,0,29,167,40,550,11318,7923,15175,
2020-07-12,,,0,0,1,83,73,95,7,0,28,157,36,531,11325,7924,15202,
2020-07-13,,,0,0,1,84,73,95,6,0,27,148,31,512,11331,7925,15229,
2020-07-14,,,0,0,1,84,73,96,6,0,26,139,27,495,11337,7925,15254,
2020-07-15,,,0,0,1,84,74,96,6,0,25,131,24,478,11343,7926,15279,
2020-07-16,,,0,0,1,84,74,96,5,0,24,123,21,461,11348,7926,15302,
2020-07-17,,,0,0,1,84,74,97,5,0,23,116,18,445,11353,7927,15325,
2020-07-18,,,0,0,1,84,74,97,5,0,23,110,16,430,11358,7927,15348,
2020-07-19,,,0,0,1,84,74,97,5,0,22,104,14,415,11363,7927,15369,
2020-07-20,,,0,0,1,85,74,98,4,0,21,98,12,401,11367,7928,15390,
2020-07-21,,,0,0,1,85,74,98,4,0,20,93,10,387,11371,7928,15409,
2020-07-22,,,0,0,1,85,74,98,4,0,20,88,9,374,11375,7928,15429,
2020-07-23,,,0,0,1,85,74,99,4,0,19,83,8,361,11379,7928,15447,
2020-07-24,,,0,0,1,85,74,99,4,0,18,79,7,348,11382,7929,15465,
2020-07-25,,,0,0,1,85,74,99,3,0,18,75,6,336,11386,7929,15482,
2020-07-26,,,0,0,1,85,74,100,3,0,17,71,5,325,11389,7929,15499,
2020-07-27,,,0,0,1,85,74,100,3,0,17,68,4,314,11392,7929,15515,
2020-07-28,,,0,0,1,85,74,100,3,0,16,64,4,303,11395,7929,15531,
2020-07-29,,,0,0,1,85,74,100,3,0,16,61,3,292,11398,7929,15546,
2020-07-30,,,0,0,1,85,74,101,3,0,15,58,3,282,11401,7929,15560,
2020-07-31,,,0,0,1,85,74,101,3,0,15,55,2,272,11403,7929,15574,
2020-08-01,,,0,0,1,86,74,101,2,0,14,53,2,263,11406,7929,15588,
2020-08-02,,,0,0,1,86,74,101,2,0,14,50,2,254,11408,7929,15601,
2020-08-03,,,0,0,1,86,74,101,2,0,13,48,1,245,11411,7929,15614,
2020-08-04,,,0,0,1,86,74,102,2,0,13,46,1,237,11413,7929,15626,
