date,actual_deaths,total_deaths,predicted_deaths_mean,predicted_deaths_lower,predicted_deaths_upper,predicted_total_deaths_mean,predicted_total_deaths_lower,predicted_total_deaths_upper,predicted_new_infected_mean,predicted_new_infected_lower,predicted_new_infected_upper,predicted_current_infected_mean,predicted_current_infected_lower,predicted_current_infected_upper,predicted_total_infected_mean,predicted_total_infected_lower,predicted_total_infected_upper,r_values_mean
2020-02-23,,,,,,,,,96,75,125,96,75,125,96,75,125,1.6292031572
2020-02-24,,,,,,,,,96,75,125,191,150,250,191,150,250,1.62913703513
2020-02-25,,,,,,,,,96,75,125,287,225,375,287,225,375,1.62912239736
2020-02-26,,,,,,,,,96,75,125,383,300,500,383,300,500,1.62910451965
2020-02-27,,,,,,,,,96,75,125,479,375,625,479,375,625,1.62908268512
2020-02-28,,,,,,,,,96,75,125,574,450,750,574,450,750,1.62905601837
2020-02-29,,,,,,,,,96,75,125,670,525,875,670,525,875,1.62902345052
2020-03-01,,,,,,,,,96,75,125,766,600,1000,766,600,1000,1.62898367653
2020-03-02,,,,,,,,,96,75,125,861,675,1125,861,675,1125,1.62893510312
2020-03-03,,,,,,,,,251,194,325,1112,869,1450,1112,869,1450,1.62887578533
2020-03-04,,,,,,,,,250,194,324,1362,1064,1774,1362,1064,1774,1.6288033492
2020-03-05,,,,,,,,,262,203,339,1624,1267,2113,1624,1267,2113,1.62871489749
2020-03-06,,,,,,,,,286,221,370,1910,1489,2483,1910,1489,2483,1.62860689507
2020-03-07,,,,,,,,,336,260,434,2246,1749,2916,2246,1749,2916,1.62847502932
2020-03-08,,,,,,,,,414,319,533,2660,2068,3449,2660,2068,3449,1.62831404054
2020-03-09,,,,,,,,,475,365,611,3040,2359,3934,3136,2434,4059,1.62811751598
2020-03-10,,,,,,,,,527,405,676,3472,2689,4485,3663,2839,4735,1.62787764004
2020-03-11,,,,,,,,,589,451,753,3965,3066,5113,4252,3291,5488,1.62758489172
2020-03-12,,,,,,,,,662,505,844,4531,3496,5831,4913,3796,6331,1.62722767877
2020-03-13,,,,,,,,,753,574,959,5188,3995,6665,5667,4370,7290,1.6267918963
2020-03-14,,,,,,,,,850,646,1080,5943,4566,7619,6517,5016,8369,1.62626039525
2020-03-15,,,,,,,,,951,720,1204,6798,5212,8697,7468,5737,9572,1.62561234418
2020-03-16,,,,,,,,,1059,800,1338,7761,5937,9910,8527,6537,10910,1.62482246487
2020-03-17,,,,,,,,,1180,889,1488,8845,6751,11273,9707,7426,12398,1.62386011976
2020-03-18,,,,,,,,,1318,989,1658,9912,7546,12605,11025,8416,14055,1.62268822558
2020-03-19,,,,,,,,,1470,1100,1845,11132,8451,14126,12494,9516,15900,1.62126196357
2020-03-20,3,3,,,,,,,1634,1219,2048,12505,9468,15835,14129,10735,17947,1.61952725135
2020-03-21,2,5,,,,,,,1814,1349,2270,14033,10595,17734,15942,12084,20217,1.6174189332
2020-03-22,0,5,,,,,,,2010,1490,2513,15707,11826,19813,17953,13575,22729,1.61485863472
2020-03-23,0,5,,,,,,,2227,1645,2782,17520,13152,22062,20180,15221,25510,1.61175221066
2020-03-24,2,7,,,,,,,2465,1815,3078,19509,14602,24529,22645,17037,28588,1.60798669505
2020-03-25,2,9,,,,,,,2724,2000,3403,21706,16197,27256,25369,19037,31991,1.60342664688
2020-03-26,0,9,,,,,,,3004,2187,3761,24121,17933,30264,28373,21224,35751,1.59790980245
2020-03-27,2,11,,,,,,,3307,2358,4218,26767,19786,33638,31680,23583,39969,1.59124206812
2020-03-28,5,16,,,,,,,3634,2541,4733,29647,21753,37413,35314,26124,44702,1.58319226721
2020-03-29,2,18,,,,,,,3985,2736,5292,32782,23844,41625,39299,28860,49993,1.57348795162
2020-03-30,6,24,,,,,,,4357,2945,5888,36188,26068,46309,43656,31805,55881,1.56181531374
2020-03-31,6,30,,,,,,,4749,3167,6508,39878,28435,51479,48404,34973,62388,1.54782880027
2020-04-01,8,38,,,,,,,5156,3404,7129,43853,30951,57120,53560,38377,69517,1.53117828974
2020-04-02,17,55,,,,,,,5574,3656,7724,48110,33618,63186,59134,42034,77241,1.51156027964
2020-04-03,6,61,,,,,,,5997,3924,8259,52638,36442,69601,65132,45958,85500,1.48878968916
2020-04-04,12,73,,,,,,,6418,4206,8806,57422,39428,76358,71550,50164,94305,1.46287051366
2020-04-05,10,83,,,,,,,6830,4503,9454,62438,42583,83543,78380,54668,103759,1.43402942773
2020-04-06,9,92,,,,,,,7226,4814,10069,67654,45907,91099,85607,59483,113828,1.40268685106
2020-04-07,15,107,,,,,,,7601,5114,10498,73028,49376,98815,93207,64597,124325,1.36937716326
2020-04-08,14,121,,,,,,,7948,5416,10877,78511,52977,106614,101156,70014,135202,1.33466458922
2020-04-09,17,138,,,,,,,8264,5674,11233,84051,56652,114444,109420,75689,146435,1.29910237452
2020-04-10,31,169,,,,,,,8543,5940,11446,89590,60405,122129,117963,81629,157880,1.26325035141
2020-04-11,12,181,,,,,,,8783,6110,11741,95066,64157,129652,126746,87740,169621,1.22772549504
2020-04-12,12,193,,,,,,,8982,6247,11821,100413,67863,136740,135727,93988,181441,1.19323663771
2020-04-13,23,216,,,,,,,9141,6373,12017,105569,71500,143464,144868,100361,193457,1.16055988624
2020-04-14,14,230,,,,,,,9264,6517,12205,110476,75073,149781,154132,106879,205662,1.13044369186
2020-04-15,24,254,,,,,,,9355,6585,12113,115083,78491,155386,163487,113464,217774,1.1034768643
2020-04-16,20,274,,,,,,,9420,6626,12070,119347,81713,160327,172907,120091,229843,1.07998192294
2020-04-17,26,300,,,,,,,9463,6626,12105,123235,84683,164708,182370,126717,241948,1.05998528958
2020-04-18,48,348,,,,,,,9488,6559,12192,126726,87318,168640,191858,133276,254139,1.04326973723
2020-04-19,52,400,,,,,,,9499,6550,12333,129807,89662,172167,201357,139827,266472,1.02947115442
2020-04-20,45,445,,,,,,,9498,6446,12474,132474,91605,175188,210855,146274,278946,1.01817285901
2020-04-21,39,484,,,,,,,9488,6353,12595,134736,93144,177714,220343,152627,291541,1.00897083392
2020-04-22,46,530,,,,,,,9471,6178,12752,136607,94208,179968,229814,158805,304292,1.00150689334
2020-04-23,42,572,,,,,,,9449,5969,12912,138107,94760,182002,239263,164775,317203,0.995478908516
2020-04-24,62,634,,,,,,,9424,5798,13029,139267,94884,183798,248687,170574,330232,0.990638624534
2020-04-25,66,700,,,,,,,9396,5638,13142,140119,94582,185494,258082,176212,343373,0.986784460879
2020-04-26,28,728,,,,,,,9366,5417,13265,140703,93889,187017,267449,181630,356638,0.983753266477
2020-04-27,54,782,,,,,,,9336,5207,13388,141058,92848,188584,276785,186837,370025,0.981412714273
2020-04-28,72,854,,,,,,,9307,4996,13499,141224,91471,190067,286092,191833,383524,0.979654834391
2020-04-29,89,943,,,,,,,9278,4814,13619,141238,89769,191481,295370,196648,397142,0.978390690447
2020-04-30,108,1051,,,,,,,9251,4607,13740,141135,87791,193108,304622,201256,410882,0.977546056474
2020-05-01,73,1124,,,,,,,9226,4429,13868,140941,85595,194907,313848,205686,424750,0.977057945635
2020-05-02,76,1200,,,,,,,9203,4236,13883,140682,83205,196684,323052,209922,438632,0.976871873551
2020-05-03,86,1286,,,,,,,9183,4066,13897,140377,80712,198390,332235,213988,452529,0.976939765562
2020-05-04,58,1344,,,,,,,9165,3930,14072,140043,78092,200129,341400,217919,466601,0.977218427305
2020-05-05,100,1444,,,,,,,9150,3784,14215,139695,75430,201869,350550,221704,480815,0.977668495768
2020-05-06,89,1533,,,,,,,9138,3604,14360,139345,72681,203634,359688,225308,495174,0.978253783268
2020-05-07,94,1627,,,,,,,9129,3459,14508,139003,69962,205390,368816,228768,509681,0.978940927864
2020-05-08,87,1714,,,,,,,9122,3324,14659,138675,67317,207137,377938,232092,524339,0.979699272931
2020-05-09,100,1814,,,,,,,9118,3194,14812,138370,64712,208920,387056,235286,539151,0.980500912071
2020-05-10,75,1889,,,,,,,9117,3070,14969,138091,62145,210747,396173,238357,554120,0.981320846345
2020-05-11,72,1961,,,,,,,9118,2952,15129,137842,59679,212611,405291,241310,569248,0.982137204075
2020-05-12,96,2057,,,,,,,9121,2823,15291,137627,57296,214513,414412,244133,584538,0.982931469592
2020-05-13,112,2169,,,,,,,9127,2686,15455,137446,54987,216469,423538,246820,599993,0.983688662584
2020-05-14,98,2267,,,,,,,9134,2580,15622,137302,52752,218472,432672,249400,615614,0.984397411874
2020-05-15,125,2392,,,,,,,9143,2456,15791,137194,50601,220523,441816,251857,631405,0.985049881951
2020-05-16,131,2523,,,,,,,9154,2355,15962,137122,48526,222617,450970,254212,647366,0.9856415362
2020-05-17,125,2648,,,,,,,9167,2238,16134,137085,46528,224869,460137,256451,663500,0.986170751064
2020-05-18,141,2789,,,,,,,9180,2127,16308,137082,44589,227279,469317,258578,679808,0.986638321177
2020-05-19,,,111,61,159,2900,2850,2948,9195,2021,16483,137112,42680,229690,478512,260599,696290,
2020-05-20,,,109,58,159,3008,2909,3106,9211,1921,16659,137174,40816,232134,487724,262521,712949,
2020-05-21,,,107,55,158,3116,2964,3264,9228,1826,16836,137264,39039,234610,496952,264348,729784,
2020-05-22,,,106,52,158,3221,3017,3421,9246,1736,17013,137382,37316,237115,506198,266084,746796,
2020-05-23,,,104,50,157,3326,3067,3578,9265,1645,17191,137525,35637,239647,515463,267729,763986,
2020-05-24,,,103,47,155,3428,3114,3732,9284,1580,17368,137691,34023,242203,524747,269310,781354,
2020-05-25,,,101,44,153,3529,3159,3885,9304,1518,17547,137879,32471,244781,534052,270829,798900,
2020-05-26,,,100,42,154,3629,3202,4038,9325,1459,17725,138086,30978,247377,543377,272288,816624,
2020-05-27,,,98,40,153,3727,3242,4191,9346,1399,17903,138311,29554,249989,552723,273688,834526,
2020-05-28,,,97,38,153,3823,3280,4343,9368,1346,18080,138553,28214,252614,562091,275035,852606,
2020-05-29,,,95,36,152,3919,3316,4494,9390,1295,18258,138809,26930,255250,571481,276330,870863,
2020-05-30,,,94,34,152,4013,3351,4645,9413,1247,18435,139078,25720,257893,580894,277578,889298,
2020-05-31,,,93,32,151,4105,3383,4796,9435,1199,18611,139359,24565,260542,590329,278777,907908,
2020-06-01,,,91,30,151,4196,3414,4946,9458,1154,18787,139651,23481,263195,599787,279932,926695,
2020-06-02,,,91,29,152,4288,3443,5098,9482,1088,18962,139952,22442,265849,609269,281020,945656,
2020-06-03,,,91,28,154,4379,3472,5251,9505,1040,19136,140262,21461,268502,618774,282061,964792,
2020-06-04,,,91,26,155,4470,3498,5406,9529,995,19310,140580,20535,271153,628303,283057,984101,
2020-06-05,,,91,25,157,4562,3524,5562,9553,952,19482,140904,19661,273799,637856,284009,1003582,
2020-06-06,,,92,24,159,4653,3549,5720,9577,909,19653,141235,18834,276439,647433,284919,1023235,
2020-06-07,,,92,23,160,4745,3572,5880,9601,865,19823,141571,18054,279072,657034,285784,1043057,
2020-06-08,,,92,22,162,4837,3595,6042,9625,823,19992,141911,17297,281696,666659,286607,1063049,
2020-06-09,,,92,21,164,4928,3616,6205,9649,782,20160,142256,16561,284309,676308,287390,1083208,
2020-06-10,,,92,20,166,5020,3636,6370,9673,744,20326,142604,15845,286910,685981,288134,1103533,
2020-06-11,,,92,19,167,5113,3656,6537,9697,707,20490,142955,15153,289497,695678,288841,1124023,
2020-06-12,,,92,18,169,5205,3674,6706,9721,671,20653,143308,14477,292071,705399,289512,1144676,
2020-06-13,,,93,17,171,5297,3691,6876,9745,637,20815,143663,13819,294628,715144,290150,1165490,
2020-06-14,,,93,16,173,5390,3708,7048,9768,605,20975,144019,13177,297168,724912,290755,1186465,
2020-06-15,,,93,15,174,5483,3724,7222,9792,574,21132,144375,12551,299689,734704,291329,1207596,
2020-06-16,,,93,15,176,5576,3739,7398,9815,544,21288,144732,11941,302190,744519,291874,1228884,
2020-06-17,,,93,14,178,5669,3753,7576,9838,516,21442,145089,11370,304671,754358,292391,1250326,
2020-06-18,,,94,13,180,5763,3767,7755,9861,490,21594,145445,10820,307129,764219,292881,1271920,
2020-06-19,,,94,13,182,5857,3781,7936,9884,464,21744,145799,10289,309564,774102,293346,1293664,
2020-06-20,,,94,12,183,5951,3794,8119,9906,440,21892,146152,9777,311974,784008,293787,1315555,
2020-06-21,,,94,12,185,6045,3806,8303,9928,417,22037,146503,9285,314358,793936,294204,1337592,
2020-06-22,,,94,11,187,6139,3818,8490,9949,395,22180,146851,8815,316715,803885,294599,1359771,
2020-06-23,,,95,11,189,6234,3830,8678,9970,374,22321,147197,8366,319043,813855,294974,1382091,
2020-06-24,,,95,10,190,6329,3841,8868,9991,354,22458,147539,7937,321342,823846,295328,1404549,
2020-06-25,,,95,10,192,6424,3851,9059,10011,334,22594,147877,7528,323610,833858,295662,1427143,
2020-06-26,,,95,9,194,6519,3861,9252,10032,317,22727,148212,7138,325847,843889,295980,1449870,
2020-06-27,,,96,9,196,6615,3871,9447,10052,300,22858,148543,6767,328052,853941,296280,1472727,
2020-06-28,,,96,9,197,6710,3880,9644,10072,284,22986,148869,6414,330223,864013,296565,1495713,
2020-06-29,,,96,8,199,6807,3888,9843,10091,269,23111,149192,6078,332359,874104,296834,1518823,
2020-06-30,,,96,8,201,6903,3897,10043,10109,254,23234,149509,5759,334460,884213,297089,1542056,
2020-07-01,,,97,7,202,6999,3904,10245,10128,241,23353,149822,5455,336525,894341,297330,1565409,
2020-07-02,,,97,7,204,7096,3912,10448,10146,228,23470,150129,5167,338552,904487,297558,1588878,
2020-07-03,,,97,7,206,7193,3919,10653,10163,216,23583,150431,4893,340541,914650,297774,1612461,
2020-07-04,,,97,6,207,7290,3926,10860,10180,204,23694,150728,4633,342491,924830,297979,1636154,
2020-07-05,,,97,6,209,7388,3932,11068,10196,193,23801,151018,4386,344400,935026,298173,1659955,
2020-07-06,,,98,6,210,7486,3938,11278,10212,183,23905,151303,4152,346268,945239,298356,1683860,
2020-07-07,,,98,5,212,7583,3944,11489,10227,173,24006,151581,3930,348094,955466,298530,1707865,
2020-07-08,,,98,5,214,7682,3949,11702,10242,164,24103,151853,3720,349877,965708,298694,1731968,
2020-07-09,,,98,5,215,7780,3954,11917,10256,155,24198,152118,3522,351616,975964,298850,1756165,
2020-07-10,,,99,4,217,7879,3959,12133,10269,147,24288,152376,3334,353311,986234,298997,1780453,
2020-07-11,,,99,4,218,7978,3964,12351,10282,139,24375,152626,3157,354959,996515,299137,1804828,
2020-07-12,,,99,4,220,8077,3968,12570,10294,132,24459,152868,2988,356559,1006809,299269,1829286,
2020-07-13,,,99,4,221,8176,3973,12790,10305,124,24538,153102,2829,358111,1017115,299394,1853824,
2020-07-14,,,100,3,222,8275,3977,13012,10316,118,24615,153327,2678,359615,1027430,299512,1878438,
2020-07-15,,,100,3,224,8375,3980,13235,10325,112,24702,153542,2535,361083,1037756,299624,1903139,
2020-07-16,,,100,3,225,8475,3984,13460,10334,106,24763,153749,2400,362493,1048090,299730,1927902,
2020-07-17,,,100,3,227,8575,3987,13686,10342,100,24821,153946,2272,363845,1058432,299830,1952722,
2020-07-18,,,100,3,228,8676,3990,13914,10350,95,24875,154132,2151,365136,1068782,299925,1977597,
2020-07-19,,,101,3,229,8776,3993,14142,10356,89,24925,154308,2036,366367,1079138,300015,2002521,
2020-07-20,,,101,2,230,8877,3996,14372,10362,85,24971,154474,1927,367537,1089500,300101,2027491,
2020-07-21,,,101,2,232,8978,3999,14603,10367,80,25012,154628,1824,368644,1099867,300181,2052503,
2020-07-22,,,101,2,233,9079,4002,14836,10370,76,25063,154771,1727,369701,1110237,300258,2077565,
2020-07-23,,,101,2,234,9180,4004,15069,10373,72,25098,154902,1635,370695,1120611,300330,2102663,
2020-07-24,,,101,2,235,9282,4006,15304,10375,68,25129,155022,1548,371626,1130986,300398,2127791,
2020-07-25,,,102,2,236,9383,4008,15540,10377,64,25221,155129,1465,372559,1141363,300463,2153012,
2020-07-26,,,102,2,237,9485,4010,15777,10377,61,25257,155224,1387,373441,1151739,300524,2178268,
2020-07-27,,,102,1,239,9587,4012,16015,10376,58,25289,155306,1313,374272,1162115,300582,2203557,
2020-07-28,,,102,1,240,9689,4014,16254,10374,54,25317,155375,1243,375050,1172490,300637,2228873,
2020-07-29,,,102,1,241,9791,4016,16494,10371,51,25340,155431,1177,375775,1182861,300689,2254212,
2020-07-30,,,102,1,242,9894,4018,16735,10368,49,25359,155473,1114,376433,1193229,300738,2279571,
2020-07-31,,,103,1,242,9996,4019,16977,10363,46,25374,155502,1054,377043,1203592,300785,2304945,
2020-08-01,,,103,1,243,10099,4021,17220,10357,44,25385,155517,998,377607,1213949,300829,2330329,
2020-08-02,,,103,1,244,10202,4022,17464,10350,41,25391,155517,945,378123,1224299,300871,2355720,
2020-08-03,,,103,1,245,10305,4023,17708,10343,39,25393,155504,894,378592,1234642,300910,2381112,
2020-08-04,,,103,1,246,10408,4025,17954,10334,37,25391,155476,847,379012,1244976,300948,2406503,
