date,actual_deaths,total_deaths,predicted_deaths_mean,predicted_deaths_lower,predicted_deaths_upper,predicted_total_deaths_mean,predicted_total_deaths_lower,predicted_total_deaths_upper,predicted_new_infected_mean,predicted_new_infected_lower,predicted_new_infected_upper,predicted_current_infected_mean,predicted_current_infected_lower,predicted_current_infected_upper,predicted_total_infected_mean,predicted_total_infected_lower,predicted_total_infected_upper,r_values_mean
2020-03-08,,,,,,,,,21,10,25,21,10,25,21,10,25,2.05590230665
2020-03-09,,,,,,,,,21,10,25,43,20,50,43,20,50,2.05085159632
2020-03-10,,,,,,,,,21,10,25,64,30,75,64,30,75,2.04906977526
2020-03-11,,,,,,,,,21,10,25,86,40,100,86,40,100,2.04665874336
2020-03-12,,,,,,,,,21,10,25,107,50,125,107,50,125,2.04339744265
2020-03-13,,,,,,,,,21,10,25,129,60,150,129,60,150,2.0389889231
2020-03-14,,,,,,,,,21,10,25,150,70,175,150,70,175,2.03303606523
2020-03-15,,,,,,,,,21,10,25,172,80,200,172,80,200,2.02501105051
2020-03-16,,,,,,,,,21,10,25,193,90,225,193,90,225,2.01421828352
2020-03-17,,,,,,,,,63,29,89,256,119,314,256,119,314,1.99975207503
2020-03-18,,,,,,,,,62,29,88,319,149,401,319,149,401,1.98045452722
2020-03-19,,,,,,,,,66,31,94,384,181,495,384,181,495,1.95488864973
2020-03-20,,,,,,,,,72,35,106,457,216,600,457,216,600,1.92136018466
2020-03-21,,,,,,,,,87,43,129,543,260,729,543,260,729,1.87804524203
2020-03-22,,,,,,,,,107,55,161,651,315,889,651,315,889,1.82328180169
2020-03-23,,,,,,,,,121,65,177,750,370,1041,771,380,1066,1.75600979413
2020-03-24,,,,,,,,,130,73,191,858,434,1206,901,454,1256,1.67619912305
2020-03-25,,,,,,,,,138,83,205,975,507,1386,1039,537,1461,1.58503218916
2020-03-26,,,,,,,,,147,95,206,1100,593,1566,1186,633,1666,1.48474392107
2020-03-27,,,,,,,,,155,110,212,1234,693,1752,1341,743,1877,1.37825048121
2020-03-28,,,,,,,,,160,118,211,1372,802,1937,1501,862,2087,1.26879314396
2020-03-29,,,,,,,,,160,119,212,1511,911,2124,1661,981,2299,1.15973645533
2020-03-30,,,,,,,,,158,116,217,1647,1017,2315,1819,1097,2515,1.05448538052
2020-03-31,,,,,,,,,154,109,217,1779,1117,2506,1972,1207,2731,0.95636437055
2020-04-01,1,1,,,,,,,148,104,209,1864,1192,2626,2120,1312,2940,0.868344282124
2020-04-02,0,1,,,,,,,141,98,201,1942,1261,2740,2261,1411,3141,0.792646055819
2020-04-03,0,1,,,,,,,133,92,186,2009,1322,2832,2393,1503,3326,0.73034940511
2020-04-04,0,1,,,,,,,124,85,177,2061,1372,2903,2518,1589,3503,0.681199792167
2020-04-05,0,1,,,,,,,116,80,166,2090,1410,2940,2634,1670,3669,0.643789304155
2020-04-06,1,2,,,,,,,108,76,154,2091,1431,2933,2742,1746,3822,0.616060162044
2020-04-07,0,2,,,,,,,101,70,143,2071,1436,2899,2843,1817,3964,0.595851435722
2020-04-08,0,2,,,,,,,94,66,134,2036,1429,2841,2937,1884,4097,0.581255876288
2020-04-09,0,2,,,,,,,88,62,122,1985,1408,2758,3025,1946,4219,0.570752369327
2020-04-10,0,2,,,,,,,82,58,113,1921,1370,2665,3107,2004,4331,0.563196195317
2020-04-11,0,2,,,,,,,77,54,104,1843,1315,2558,3184,2058,4435,0.557752480115
2020-04-12,0,2,,,,,,,73,51,98,1756,1248,2445,3257,2110,4532,0.553821633524
2020-04-13,0,2,,,,,,,68,48,94,1665,1176,2327,3325,2158,4625,0.550975750105
2020-04-14,0,2,,,,,,,65,45,89,1571,1105,2200,3390,2203,4714,0.548909861434
2020-04-15,4,6,,,,,,,61,43,84,1479,1039,2067,3451,2246,4798,0.547406345079
2020-04-16,2,8,,,,,,,58,41,82,1389,976,1940,3510,2288,4879,0.546309513
2020-04-17,1,9,,,,,,,55,39,78,1304,916,1817,3565,2327,4957,0.545507637275
2020-04-18,2,11,,,,,,,53,35,75,1224,859,1705,3618,2363,5031,0.544871022748
2020-04-19,1,12,,,,,,,51,32,72,1151,806,1600,3668,2395,5102,0.544360109667
2020-04-20,1,13,,,,,,,48,29,70,1083,754,1504,3717,2425,5172,0.543997008834
2020-04-21,1,14,,,,,,,47,27,68,1022,705,1418,3763,2452,5240,0.543711665801
2020-04-22,0,14,,,,,,,45,24,66,966,659,1342,3808,2477,5305,0.543488770856
2020-04-23,1,15,,,,,,,43,22,65,915,616,1273,3851,2500,5369,0.543291691207
2020-04-24,2,17,,,,,,,42,21,63,868,575,1214,3893,2521,5432,0.543295678574
2020-04-25,0,17,,,,,,,40,19,61,826,536,1162,3933,2541,5492,0.543301625929
2020-04-26,1,18,,,,,,,39,18,60,788,501,1117,3973,2560,5551,0.543310495895
2020-04-27,0,18,,,,,,,38,17,58,753,467,1078,4010,2577,5609,0.543323722895
2020-04-28,2,20,,,,,,,37,16,57,722,435,1041,4047,2594,5666,0.54334344317
2020-04-29,2,22,,,,,,,36,15,56,693,406,1007,4083,2609,5721,0.543372835491
2020-04-30,1,23,,,,,,,35,14,54,666,377,977,4118,2624,5775,0.543416623977
2020-05-01,0,23,,,,,,,34,14,53,642,350,949,4152,2638,5827,0.543481816192
2020-05-02,1,24,,,,,,,33,13,52,620,324,923,4185,2652,5879,0.543578777724
2020-05-03,0,24,,,,,,,32,12,51,599,301,899,4217,2665,5929,0.543722777149
2020-05-04,1,25,,,,,,,31,12,50,580,281,877,4248,2677,5978,0.5439361643
2020-05-05,0,25,,,,,,,31,12,49,562,264,855,4279,2689,6027,0.544251347566
2020-05-06,0,25,,,,,,,30,11,48,546,248,835,4309,2701,6074,0.544714659132
2020-05-07,1,26,,,,,,,29,11,47,530,235,816,4339,2712,6120,0.545390931801
2020-05-08,0,26,,,,,,,29,10,46,516,223,797,4367,2723,6166,0.546367964987
2020-05-09,0,26,,,,,,,28,10,45,502,212,780,4395,2734,6211,0.547758769714
2020-05-10,0,26,,,,,,,28,10,44,490,203,763,4423,2744,6255,0.549697410954
2020-05-11,0,26,,,,,,,27,10,44,477,194,747,4450,2754,6298,0.552321995845
2020-05-12,1,27,,,,,,,27,9,43,466,186,732,4477,2764,6340,0.555738330679
2020-05-13,0,27,,,,,,,26,9,43,455,180,717,4503,2774,6382,0.559964805904
2020-05-14,0,27,,,,,,,26,9,42,445,174,704,4528,2783,6424,0.56487658187
2020-05-15,0,27,,,,,,,25,9,42,436,168,692,4554,2793,6466,0.570186567164
2020-05-16,1,28,,,,,,,25,9,42,427,163,681,4579,2802,6508,0.574192019002
2020-05-17,0,28,,,,,,,25,9,42,418,159,671,4603,2811,6549,0.578023746029
2020-05-18,0,28,,,,,,,24,9,42,410,155,662,4627,2820,6591,0.581536909805
2020-05-19,,,0,0,1,28,28,29,24,8,42,403,151,654,4651,2829,6632,
2020-05-20,,,0,0,1,29,28,29,23,8,42,395,148,647,4675,2838,6673,
2020-05-21,,,0,0,1,29,28,30,23,8,42,388,145,641,4698,2846,6714,
2020-05-22,,,0,0,1,29,28,30,23,8,41,382,142,635,4720,2855,6755,
2020-05-23,,,0,0,1,29,28,31,22,8,41,375,140,631,4743,2863,6796,
2020-05-24,,,0,0,1,30,28,31,22,8,41,369,137,626,4764,2871,6836,
2020-05-25,,,0,0,1,30,28,31,21,7,41,363,135,623,4786,2879,6877,
2020-05-26,,,0,0,1,30,28,32,21,7,40,357,132,619,4807,2887,6916,
2020-05-27,,,0,0,1,30,28,32,21,7,40,351,130,616,4828,2894,6956,
2020-05-28,,,0,0,1,31,29,32,20,7,40,345,127,613,4848,2901,6995,
2020-05-29,,,0,0,1,31,29,33,20,7,39,339,124,610,4868,2908,7034,
2020-05-30,,,0,0,1,31,29,33,19,6,39,333,122,607,4887,2915,7073,
2020-05-31,,,0,0,1,31,29,33,19,6,39,327,119,603,4906,2922,7111,
2020-06-01,,,0,0,1,31,29,34,18,6,38,321,116,599,4924,2928,7148,
2020-06-02,,,0,0,1,32,29,34,18,6,38,315,114,595,4942,2934,7185,
2020-06-03,,,0,0,1,32,29,34,18,6,37,309,111,590,4960,2940,7222,
2020-06-04,,,0,0,1,32,29,35,17,5,36,302,108,585,4977,2946,7258,
2020-06-05,,,0,0,1,32,29,35,17,5,36,296,105,579,4994,2952,7293,
2020-06-06,,,0,0,1,32,29,35,16,5,35,289,102,573,5010,2957,7328,
2020-06-07,,,0,0,1,33,29,36,16,5,35,283,99,567,5025,2962,7362,
2020-06-08,,,0,0,1,33,29,36,15,5,34,276,96,560,5040,2967,7396,
2020-06-09,,,0,0,1,33,29,36,15,4,33,269,93,552,5055,2972,7428,
2020-06-10,,,0,0,1,33,30,37,14,4,33,262,90,545,5069,2977,7460,
2020-06-11,,,0,0,1,33,30,37,14,4,32,255,87,536,5083,2981,7492,
2020-06-12,,,0,0,1,33,30,37,13,4,31,248,84,528,5096,2985,7523,
2020-06-13,,,0,0,1,34,30,38,13,4,30,241,81,519,5109,2989,7553,
2020-06-14,,,0,0,1,34,30,38,12,3,30,234,78,510,5121,2993,7582,
2020-06-15,,,0,0,1,34,30,38,12,3,29,227,75,500,5133,2997,7610,
2020-06-16,,,0,0,1,34,30,38,11,3,28,219,72,490,5144,3000,7638,
2020-06-17,,,0,0,1,34,30,39,11,3,27,212,69,480,5154,3004,7665,
2020-06-18,,,0,0,1,34,30,39,10,3,26,205,66,469,5165,3007,7691,
2020-06-19,,,0,0,1,35,30,39,10,2,26,197,63,458,5174,3010,7716,
2020-06-20,,,0,0,1,35,30,40,9,2,25,190,60,447,5183,3012,7740,
2020-06-21,,,0,0,1,35,30,40,9,2,24,182,57,436,5192,3015,7763,
2020-06-22,,,0,0,1,35,30,40,8,2,23,175,54,424,5200,3017,7786,
2020-06-23,,,0,0,1,35,30,40,8,2,22,167,52,413,5208,3019,7808,
2020-06-24,,,0,0,1,35,30,41,7,1,21,160,49,400,5215,3021,7828,
2020-06-25,,,0,0,1,35,30,41,7,1,20,152,46,388,5221,3023,7848,
2020-06-26,,,0,0,1,36,30,41,6,1,19,145,43,376,5227,3025,7867,
2020-06-27,,,0,0,1,36,30,42,6,1,18,137,40,363,5233,3026,7885,
2020-06-28,,,0,0,1,36,30,42,5,1,18,129,37,350,5238,3027,7902,
2020-06-29,,,0,0,1,36,31,42,4,0,17,122,34,337,5242,3028,7918,
2020-06-30,,,0,0,1,36,31,42,4,0,16,114,31,324,5247,3029,7933,
2020-07-01,,,0,0,1,36,31,43,4,0,15,107,29,311,5251,3030,7948,
2020-07-02,,,0,0,1,36,31,43,4,0,14,100,26,298,5254,3030,7962,
2020-07-03,,,0,0,1,36,31,43,3,0,14,93,24,285,5257,3031,7975,
2020-07-04,,,0,0,1,36,31,43,3,0,13,86,21,273,5260,3031,7988,
2020-07-05,,,0,0,1,37,31,43,3,0,12,80,19,260,5263,3032,8000,
2020-07-06,,,0,0,1,37,31,44,3,0,12,74,17,248,5266,3032,8011,
2020-07-07,,,0,0,1,37,31,44,2,0,11,68,15,237,5268,3033,8022,
2020-07-08,,,0,0,1,37,31,44,2,0,11,62,13,225,5270,3033,8032,
2020-07-09,,,0,0,1,37,31,44,2,0,10,57,11,214,5272,3033,8042,
2020-07-10,,,0,0,1,37,31,45,2,0,10,52,10,204,5274,3033,8051,
2020-07-11,,,0,0,1,37,31,45,2,0,9,48,9,194,5276,3034,8060,
2020-07-12,,,0,0,1,37,31,45,2,0,9,44,7,184,5277,3034,8069,
2020-07-13,,,0,0,1,37,31,45,1,0,8,41,6,175,5279,3034,8077,
2020-07-14,,,0,0,1,37,31,45,1,0,8,37,6,167,5280,3034,8084,
2020-07-15,,,0,0,1,37,31,45,1,0,8,34,5,158,5281,3034,8091,
2020-07-16,,,0,0,1,37,31,46,1,0,7,32,4,151,5282,3034,8098,
2020-07-17,,,0,0,1,37,31,46,1,0,7,29,4,143,5283,3034,8105,
2020-07-18,,,0,0,1,37,31,46,1,0,7,27,3,136,5284,3034,8111,
2020-07-19,,,0,0,1,37,31,46,1,0,7,25,3,130,5285,3034,8117,
2020-07-20,,,0,0,1,37,31,46,1,0,6,23,2,124,5286,3034,8123,
2020-07-21,,,0,0,1,38,31,46,1,0,6,21,2,118,5287,3035,8129,
2020-07-22,,,0,0,1,38,31,46,1,0,6,20,2,112,5288,3035,8134,
2020-07-23,,,0,0,1,38,31,46,1,0,5,18,1,107,5288,3035,8139,
2020-07-24,,,0,0,1,38,31,47,1,0,5,17,1,102,5289,3035,8144,
2020-07-25,,,0,0,1,38,31,47,1,0,5,16,1,97,5290,3035,8148,
2020-07-26,,,0,0,1,38,31,47,1,0,5,15,1,93,5290,3035,8152,
2020-07-27,,,0,0,1,38,31,47,1,0,5,14,1,88,5291,3035,8157,
2020-07-28,,,0,0,1,38,31,47,0,0,4,13,0,84,5291,3035,8160,
2020-07-29,,,0,0,1,38,31,47,0,0,4,12,0,80,5292,3035,8164,
2020-07-30,,,0,0,1,38,31,47,0,0,4,11,0,77,5292,3035,8168,
2020-07-31,,,0,0,1,38,31,47,0,0,4,10,0,73,5293,3035,8171,
2020-08-01,,,0,0,1,38,31,47,0,0,4,10,0,70,5293,3035,8174,
2020-08-02,,,0,0,1,38,31,47,0,0,4,9,0,67,5293,3035,8177,
2020-08-03,,,0,0,1,38,31,47,0,0,3,8,0,63,5294,3035,8180,
2020-08-04,,,0,0,1,38,31,47,0,0,3,8,0,60,5294,3035,8183,
