date,actual_deaths,total_deaths,predicted_deaths_mean,predicted_deaths_lower,predicted_deaths_upper,predicted_total_deaths_mean,predicted_total_deaths_lower,predicted_total_deaths_upper
2020-02-26,,,,,,,,
2020-02-27,,,,,,,,
2020-02-28,,,,,,,,
2020-02-29,,,,,,,,
2020-03-01,,,,,,,,
2020-03-02,,,,,,,,
2020-03-03,,,,,,,,
2020-03-04,,,,,,,,
2020-03-05,,,,,,,,
2020-03-06,,,,,,,,
2020-03-07,,,,,,,,
2020-03-08,,,,,,,,
2020-03-09,,,,,,,,
2020-03-10,,,,,,,,
2020-03-11,,,,,,,,
2020-03-12,,,,,,,,
2020-03-13,,,,,,,,
2020-03-14,,,,,,,,
2020-03-15,,,,,,,,
2020-03-16,,,,,,,,
2020-03-17,,,,,,,,
2020-03-18,,,,,,,,
2020-03-19,,,,,,,,
2020-03-20,,,,,,,,
2020-03-21,1,1,,,,,,
2020-03-22,1,2,,,,,,
2020-03-23,0,2,,,,,,
2020-03-24,3,5,,,,,,
2020-03-25,1,6,,,,,,
2020-03-26,2,8,,,,,,
2020-03-27,5,13,,,,,,
2020-03-28,2,15,,,,,,
2020-03-29,2,17,,,,,,
2020-03-30,3,20,,,,,,
2020-03-31,4,24,,,,,,
2020-04-01,5,29,,,,,,
2020-04-02,3,32,,,,,,
2020-04-03,9,41,,,,,,
2020-04-04,11,52,,,,,,
2020-04-05,12,64,,,,,,
2020-04-06,1,65,,,,,,
2020-04-07,8,73,,,,,,
2020-04-08,7,80,,,,,,
2020-04-09,9,89,,,,,,
2020-04-10,8,97,,,,,,
2020-04-11,11,108,,,,,,
2020-04-12,7,115,,,,,,
2020-04-13,7,122,,,,,,
2020-04-14,9,131,,,,,,
2020-04-15,11,142,,,,,,
2020-04-16,8,150,,,,,,
2020-04-17,19,169,,,,,,
2020-04-18,11,180,,,,,,
2020-04-19,4,184,,,,,,
2020-04-20,7,191,,,,,,
2020-04-21,17,208,,,,,,
2020-04-22,23,231,,,,,,
2020-04-23,,,12,8,15,243,239,246
2020-04-24,,,12,8,16,254,248,261
2020-04-25,,,12,8,16,266,257,277
2020-04-26,,,12,8,16,278,266,292
2020-04-27,,,12,8,16,290,274,308
2020-04-28,,,12,8,16,302,282,324
2020-04-29,,,12,7,17,314,290,340
2020-04-30,,,12,7,17,326,298,356
2020-05-01,,,12,7,17,338,305,373
2020-05-02,,,12,7,17,350,313,390
2020-05-03,,,12,7,17,362,320,406
2020-05-04,,,12,7,17,374,327,423
2020-05-05,,,12,6,18,386,334,441
2020-05-06,,,12,6,18,398,341,458
2020-05-07,,,12,6,18,411,347,475
2020-05-08,,,12,6,18,423,353,493
2020-05-09,,,12,6,18,435,359,511
2020-05-10,,,12,5,18,447,365,529
2020-05-11,,,12,5,19,460,371,547
2020-05-12,,,12,5,19,472,377,565
2020-05-13,,,12,5,19,484,382,584
2020-05-14,,,12,5,19,497,387,602
2020-05-15,,,12,5,19,509,393,621
2020-05-16,,,12,5,19,521,398,640
2020-05-17,,,12,4,19,533,403,659
2020-05-18,,,12,4,20,546,408,678
2020-05-19,,,12,4,20,558,412,697
2020-05-20,,,12,4,20,570,417,716
2020-05-21,,,12,4,20,583,422,736
2020-05-22,,,12,4,20,595,426,755
2020-05-23,,,12,4,20,607,431,775
2020-05-24,,,12,4,20,620,435,795
2020-05-25,,,12,4,20,632,439,815
2020-05-26,,,12,4,21,644,443,835
2020-05-27,,,12,4,21,656,447,855
2020-05-28,,,12,3,21,669,451,875
2020-05-29,,,12,3,21,681,455,896
2020-05-30,,,12,3,21,693,459,916
2020-05-31,,,12,3,21,705,463,937
2020-06-01,,,12,3,21,717,466,957
2020-06-02,,,12,3,21,730,470,978
2020-06-03,,,12,3,21,742,473,999
2020-06-04,,,12,3,21,754,477,1020
2020-06-05,,,12,3,21,766,480,1041
2020-06-06,,,12,3,22,778,483,1062
2020-06-07,,,12,3,22,790,487,1083
2020-06-08,,,12,3,22,802,490,1104
2020-06-09,,,12,3,22,814,493,1125
2020-06-10,,,12,3,22,826,496,1147
2020-06-11,,,12,2,22,837,499,1168
2020-06-12,,,12,2,22,849,502,1189
2020-06-13,,,12,2,22,861,504,1211
2020-06-14,,,12,2,22,873,507,1232
2020-06-15,,,12,2,22,884,510,1254
2020-06-16,,,12,2,22,896,513,1275
2020-06-17,,,12,2,22,907,515,1297
2020-06-18,,,12,2,22,919,518,1319
2020-06-19,,,12,2,22,931,520,1340
2020-06-20,,,12,2,23,942,523,1362
2020-06-21,,,12,2,23,954,525,1385
2020-06-22,,,12,2,24,966,527,1408
2020-06-23,,,12,2,24,978,529,1432
2020-06-24,,,12,2,25,990,532,1456
2020-06-25,,,12,2,26,1002,534,1481
2020-06-26,,,12,2,26,1014,536,1507
2020-06-27,,,13,1,28,1027,538,1534
2020-06-28,,,13,1,29,1040,540,1562
2020-06-29,,,13,1,30,1053,541,1591
2020-06-30,,,13,1,31,1066,543,1621
2020-07-01,,,13,1,32,1079,545,1652
2020-07-02,,,13,1,33,1093,547,1685
2020-07-03,,,14,1,34,1106,549,1718
2020-07-04,,,14,1,35,1120,550,1753
2020-07-05,,,14,1,36,1134,552,1788
2020-07-06,,,14,1,38,1148,553,1826
2020-07-07,,,14,1,39,1163,555,1864
2020-07-08,,,15,1,40,1178,557,1904
2020-07-09,,,15,1,42,1192,558,1945
2020-07-10,,,15,1,43,1208,560,1987
2020-07-11,,,15,1,44,1223,561,2031
2020-07-12,,,15,1,46,1238,562,2077
2020-07-13,,,16,1,48,1254,563,2124
2020-07-14,,,16,1,49,1270,565,2172
2020-07-15,,,16,1,51,1286,566,2222
2020-07-16,,,16,1,52,1302,567,2274
2020-07-17,,,17,1,54,1319,568,2328
2020-07-18,,,17,1,56,1336,569,2384
2020-07-19,,,17,1,58,1353,570,2441
2020-07-20,,,17,1,60,1371,571,2500
2020-07-21,,,18,1,62,1388,572,2561
2020-07-22,,,18,0,64,1406,573,2625
2020-07-23,,,18,0,66,1425,574,2690
2020-07-24,,,19,0,68,1443,575,2757
2020-07-25,,,19,0,70,1462,576,2827
2020-07-26,,,19,0,72,1481,577,2899
2020-07-27,,,20,0,75,1501,578,2973
2020-07-28,,,20,0,77,1521,579,3050
2020-07-29,,,20,0,80,1541,579,3129
2020-07-30,,,21,0,82,1561,580,3211
2020-07-31,,,21,0,85,1582,581,3295
2020-08-01,,,21,0,87,1603,581,3382
2020-08-02,,,22,0,90,1625,582,3472
2020-08-03,,,22,0,93,1647,582,3564
2020-08-04,,,22,0,96,1670,583,3660
