date,actual_deaths,total_deaths,predicted_deaths_mean,predicted_deaths_lower,predicted_deaths_upper,predicted_total_deaths_mean,predicted_total_deaths_lower,predicted_total_deaths_upper,predicted_new_infected_mean,predicted_new_infected_lower,predicted_new_infected_upper,predicted_current_infected_mean,predicted_current_infected_lower,predicted_current_infected_upper,predicted_total_infected_mean,predicted_total_infected_lower,predicted_total_infected_upper
2020-02-28,,,,,,,,,36,25,50,36,25,50,36,25,50
2020-02-29,,,,,,,,,36,25,50,71,50,100,71,50,100
2020-03-01,,,,,,,,,36,25,50,107,75,150,107,75,150
2020-03-02,,,,,,,,,36,25,50,143,100,200,143,100,200
2020-03-03,,,,,,,,,36,25,50,178,125,250,178,125,250
2020-03-04,,,,,,,,,36,25,50,214,150,300,214,150,300
2020-03-05,,,,,,,,,36,25,50,250,175,350,250,175,350
2020-03-06,,,,,,,,,36,25,50,286,200,400,286,200,400
2020-03-07,,,,,,,,,36,25,50,321,225,450,321,225,450
2020-03-08,,,,,,,,,81,54,110,402,279,560,402,279,560
2020-03-09,,,,,,,,,81,54,110,483,334,670,483,334,670
2020-03-10,,,,,,,,,84,56,113,567,391,783,567,391,783
2020-03-11,,,,,,,,,89,59,120,656,450,902,656,450,902
2020-03-12,,,,,,,,,100,66,134,756,517,1036,756,517,1036
2020-03-13,,,,,,,,,118,77,156,875,595,1191,875,595,1191
2020-03-14,,,,,,,,,132,85,172,971,656,1313,1006,681,1363
2020-03-15,,,,,,,,,142,91,184,1077,722,1446,1148,772,1546
2020-03-16,,,,,,,,,154,98,198,1195,796,1594,1302,871,1744
2020-03-17,,,,,,,,,166,105,212,1326,877,1755,1469,977,1955
2020-03-18,,,,,,,,,182,114,230,1473,967,1935,1651,1092,2185
2020-03-19,,,,,,,,,199,123,248,1636,1066,2133,1850,1216,2433
2020-03-20,,,,,,,,,215,132,266,1815,1173,2348,2064,1348,2698
2020-03-21,,,,,,,,,231,141,283,2010,1289,2580,2295,1489,2980
2020-03-22,,,,,,,,,248,150,301,2222,1414,2830,2543,1639,3280
2020-03-23,1,1,,,,,,,267,159,320,2407,1519,3040,2810,1799,3600
2020-03-24,0,1,,,,,,,287,169,340,2613,1634,3270,3096,1969,3940
2020-03-25,0,1,,,,,,,307,180,361,2837,1758,3518,3403,2149,4300
2020-03-26,0,1,,,,,,,328,190,382,3076,1889,3780,3732,2340,4682
2020-03-27,0,1,,,,,,,351,201,404,3326,2024,4050,4083,2542,5085
2020-03-28,0,1,,,,,,,374,212,426,3583,2159,4320,4457,2755,5511
2020-03-29,0,1,,,,,,,399,224,450,3850,2298,4598,4856,2979,5960
2020-03-30,1,2,,,,,,,425,236,474,4133,2443,4887,5282,3216,6433
2020-03-31,0,2,,,,,,,453,249,499,4432,2593,5188,5734,3465,6931
2020-04-01,0,2,,,,,,,481,261,524,4747,2749,5500,6215,3727,7455
2020-04-02,0,2,,,,,,,510,275,551,5075,2910,5821,6726,4002,8005
2020-04-03,2,4,,,,,,,541,289,579,5417,3075,6151,7267,4291,8583
2020-04-04,0,4,,,,,,,573,303,607,5775,3246,6493,7840,4594,9190
2020-04-05,1,5,,,,,,,606,318,637,6150,3423,6846,8445,4912,9826
2020-04-06,0,5,,,,,,,639,333,677,6541,3606,7223,9084,5246,10503
2020-04-07,1,6,,,,,,,673,349,725,6948,3795,7628,9757,5595,11228
2020-04-08,0,6,,,,,,,707,365,775,7368,3990,8063,10465,5960,12002
2020-04-09,1,7,,,,,,,741,382,826,7802,4192,8528,11206,6342,12828
2020-04-10,0,7,,,,,,,774,399,876,8248,4401,9022,11980,6742,13703
2020-04-11,3,10,,,,,,,806,417,924,8703,4617,9542,12786,7159,14627
2020-04-12,0,10,,,,,,,835,435,968,9163,4840,10084,13621,7595,15594
2020-04-13,0,10,,,,,,,862,454,1016,9626,5070,10651,14482,8049,16610
2020-04-14,1,11,,,,,,,885,473,1057,10085,5307,11234,15367,8523,17667
2020-04-15,1,12,,,,,,,905,493,1091,10537,5551,11827,16272,9016,18758
2020-04-16,1,13,,,,,,,921,512,1128,10977,5802,12431,17192,9529,19886
2020-04-17,4,17,,,,,,,933,531,1163,11400,6058,13043,18125,10061,21048
2020-04-18,2,19,,,,,,,942,550,1196,11800,6319,13661,19067,10611,22244
2020-04-19,2,21,,,,,,,947,567,1228,12175,6584,14282,20014,11179,23471
2020-04-20,1,22,,,,,,,949,584,1258,12518,6850,14903,20964,11763,24729
2020-04-21,0,22,,,,,,,949,588,1281,12828,7105,15507,21913,12351,26010
2020-04-22,6,28,,,,,,,946,591,1285,13101,7347,16067,22859,12943,27295
2020-04-23,3,31,,,,,,,941,592,1304,13336,7575,16596,23800,13535,28598
2020-04-24,1,32,,,,,,,935,581,1318,13529,7774,17088,24735,14117,29915
2020-04-25,3,35,,,,,,,927,561,1319,13682,7936,17532,25662,14678,31234
2020-04-26,5,40,,,,,,,918,540,1316,13795,8058,17923,26581,15218,32550
2020-04-27,0,40,,,,,,,909,519,1333,13869,8142,18288,27490,15737,33882
2020-04-28,4,44,,,,,,,899,497,1347,13907,8185,18619,28389,16235,35229
2020-04-29,7,51,,,,,,,887,459,1367,13909,8172,18929,29276,16695,36595
2020-04-30,7,58,,,,,,,874,443,1379,13878,8122,19216,30150,17139,37973
2020-05-01,10,68,,,,,,,861,427,1388,13818,8037,19476,31011,17566,39361
2020-05-02,17,85,,,,,,,849,411,1408,13735,7917,19722,31860,17978,40769
2020-05-03,2,87,,,,,,,838,396,1421,13630,7764,19946,32697,18375,42189
2020-05-04,6,93,,,,,,,828,381,1430,13511,7577,20148,33525,18756,43619
2020-05-05,5,98,,,,,,,819,364,1450,13381,7357,20340,34344,19121,45068
2020-05-06,5,103,,,,,,,810,347,1473,13242,7117,20531,35155,19468,46540
2020-05-07,4,107,,,,,,,802,331,1495,13098,6856,20740,35957,19800,48035
2020-05-08,10,117,,,,,,,795,315,1518,12952,6580,20954,36752,20116,49552
2020-05-09,11,128,,,,,,,790,301,1536,12807,6300,21172,37542,20417,51087
2020-05-10,15,143,,,,,,,786,287,1558,12665,6027,21411,38327,20705,52645
2020-05-11,7,150,,,,,,,783,275,1587,12530,5762,21683,39111,20980,54232
2020-05-12,8,158,,,,,,,783,264,1616,12403,5506,21966,39893,21244,55847
2020-05-13,,,9,5,12,167,163,170,784,256,1663,12288,5265,22282,40677,21501,57510
2020-05-14,,,9,5,13,176,169,182,788,250,1715,12189,5056,22630,41465,21752,59224
2020-05-15,,,9,5,13,185,174,195,793,241,1762,12109,4854,23013,42259,21993,60986
2020-05-16,,,9,5,13,193,180,207,801,230,1824,12049,4657,23448,43059,22224,62809
2020-05-17,,,9,5,13,202,185,220,810,226,1895,12009,4472,23935,43869,22451,64703
2020-05-18,,,9,5,13,211,190,232,819,220,1980,11991,4296,24494,44688,22671,66682
2020-05-19,,,9,4,13,220,195,245,830,213,2068,11994,4128,25131,45519,22885,68750
2020-05-20,,,9,4,14,228,200,258,842,208,2161,12017,3972,25843,46361,23093,70911
2020-05-21,,,9,4,14,237,205,271,855,200,2266,12062,3825,26637,47216,23294,73176
2020-05-22,,,9,4,14,246,209,285,869,194,2366,12128,3689,27508,48085,23489,75542
2020-05-23,,,8,4,14,254,213,299,883,189,2492,12217,3562,28483,48969,23679,78034
2020-05-24,,,8,4,14,263,217,313,899,183,2625,12325,3445,29572,49867,23863,80659
2020-05-25,,,8,3,15,271,221,327,914,178,2763,12454,3335,30777,50782,24041,83422
2020-05-26,,,8,3,15,279,225,341,931,172,2911,12602,3233,32101,51713,24214,86332
2020-05-27,,,8,3,15,287,229,356,949,166,3066,12768,3135,33551,52662,24380,89398
2020-05-28,,,8,3,15,295,232,370,967,160,3230,12952,3039,35118,53629,24541,92628
2020-05-29,,,8,3,16,304,235,385,986,155,3403,13150,2943,36806,54615,24696,96030
2020-05-30,,,8,3,16,312,239,401,1006,149,3584,13363,2851,38628,55622,24845,99614
2020-05-31,,,8,3,16,319,242,416,1027,144,3776,13589,2765,40581,56649,24990,103389
2020-06-01,,,8,2,16,327,245,432,1049,138,3977,13829,2677,42663,57698,25128,107365
2020-06-02,,,8,2,16,335,247,448,1071,135,4188,14081,2591,44871,58769,25263,111553
2020-06-03,,,8,2,17,343,250,464,1095,131,4409,14345,2509,47212,59864,25395,115961
2020-06-04,,,8,2,17,351,253,481,1119,127,4641,14622,2428,49692,60983,25522,120602
2020-06-05,,,8,2,18,359,255,499,1144,122,4883,14911,2349,52309,62127,25644,125485
2020-06-06,,,8,2,18,367,257,516,1170,117,5135,15212,2272,55077,63297,25761,130619
2020-06-07,,,8,2,19,375,260,535,1196,113,5393,15525,2196,57978,64493,25875,136012
2020-06-08,,,8,2,20,383,262,554,1222,109,5656,15849,2121,61009,65716,25984,141667
2020-06-09,,,8,2,21,391,264,574,1248,104,5916,16182,2048,64162,66964,26089,147583
2020-06-10,,,8,2,21,400,266,595,1273,100,6165,16524,1975,67416,68237,26189,153748
2020-06-11,,,8,2,22,408,269,617,1295,96,6392,16870,1905,70742,69531,26286,160139
2020-06-12,,,9,2,23,417,271,640,1313,91,6583,17216,1836,74095,70845,26377,166722
2020-06-13,,,9,1,25,426,272,664,1328,87,6731,17557,1769,77424,72172,26465,173453
2020-06-14,,,9,1,26,435,274,689,1338,84,6837,17889,1704,80676,73510,26550,180290
2020-06-15,,,9,1,27,444,276,716,1346,80,6912,18207,1640,83812,74856,26630,187201
2020-06-16,,,9,1,29,453,278,744,1352,76,6969,18510,1578,86805,76208,26707,194170
2020-06-17,,,9,1,30,462,280,774,1357,73,7020,18795,1516,89638,77565,26780,201190
2020-06-18,,,10,1,32,472,281,805,1362,70,7067,19063,1455,92296,78927,26850,208256
2020-06-19,,,10,1,33,481,283,838,1367,66,7110,19310,1394,94764,80294,26917,215365
2020-06-20,,,10,1,35,491,285,872,1371,63,7147,19537,1335,97028,81665,26980,222512
2020-06-21,,,10,1,37,501,286,909,1375,60,7183,19742,1279,99076,83040,27041,229695
2020-06-22,,,10,1,39,512,287,947,1379,57,7218,19925,1223,100901,84419,27098,236912
2020-06-23,,,11,1,41,522,289,988,1383,54,7253,20086,1168,102499,85802,27153,244165
2020-06-24,,,11,1,43,533,290,1030,1387,51,7289,20225,1115,103871,87189,27205,251453
2020-06-25,,,11,1,45,544,292,1075,1391,49,7323,20343,1064,105029,88580,27254,258776
2020-06-26,,,11,1,48,555,293,1122,1395,46,7358,20443,1015,105995,89975,27301,266134
2020-06-27,,,11,1,50,567,294,1171,1399,44,7392,20529,967,106804,91374,27345,273525
2020-06-28,,,12,1,52,579,295,1223,1403,42,7427,20604,921,107499,92777,27387,280951
2020-06-29,,,12,1,55,591,296,1278,1407,40,7462,20674,877,108123,94184,27427,288412
2020-06-30,,,12,1,57,603,297,1334,1412,37,7497,20740,835,108708,95596,27465,295909
2020-07-01,,,12,1,60,615,298,1393,1416,36,7531,20804,794,109270,97011,27501,303439
2020-07-02,,,13,1,62,628,299,1455,1420,34,7566,20867,755,109816,98432,27536,311005
2020-07-03,,,13,0,64,641,300,1518,1425,32,7602,20929,718,110351,99856,27568,318606
2020-07-04,,,13,0,65,654,301,1583,1429,30,7637,20992,682,110878,101285,27599,326243
2020-07-05,,,13,0,67,667,302,1649,1434,29,7672,21054,648,111402,102719,27628,333914
2020-07-06,,,13,0,68,680,303,1717,1438,27,7708,21117,615,111927,104157,27656,341621
2020-07-07,,,13,0,69,694,304,1785,1443,26,7743,21181,584,112452,105600,27682,349364
2020-07-08,,,13,0,70,707,305,1855,1447,25,7779,21245,554,112978,107047,27707,357142
2020-07-09,,,14,0,71,721,305,1925,1452,23,7814,21311,526,113503,108499,27731,364956
2020-07-10,,,14,0,71,734,306,1995,1457,22,7850,21377,499,114030,109957,27754,372806
2020-07-11,,,14,0,72,748,307,2066,1462,21,7886,21444,474,114559,111418,27775,380692
2020-07-12,,,14,0,72,762,307,2138,1467,20,7922,21512,450,115089,112885,27795,388614
2020-07-13,,,14,0,72,776,308,2209,1472,19,7959,21580,427,115621,114357,27815,396572
2020-07-14,,,14,0,73,789,309,2282,1477,18,7995,21650,405,116154,115834,27833,404566
2020-07-15,,,14,0,73,803,309,2354,1482,17,8031,21720,385,116689,117315,27850,412597
2020-07-16,,,14,0,73,817,310,2427,1487,16,8068,21791,365,117225,118802,27867,420664
2020-07-17,,,14,0,74,831,310,2500,1492,15,8104,21863,346,117762,120294,27883,428767
2020-07-18,,,14,0,74,845,311,2574,1497,14,8141,21935,329,118302,121791,27898,436908
2020-07-19,,,14,0,74,859,311,2648,1502,14,8178,22009,312,118843,123294,27912,445085
2020-07-20,,,14,0,75,873,311,2722,1508,13,8214,22083,296,119385,124801,27925,453299
2020-07-21,,,14,0,75,887,312,2797,1513,12,8251,22157,281,119929,126314,27938,461550
2020-07-22,,,14,0,76,901,312,2872,1518,12,8288,22233,267,120474,127833,27950,469837
2020-07-23,,,14,0,76,915,313,2947,1524,11,8326,22309,253,121021,129356,27961,478162
2020-07-24,,,14,0,76,930,313,3023,1529,10,8363,22386,241,121569,130886,27972,486525
2020-07-25,,,14,0,77,944,313,3099,1535,10,8400,22464,228,122119,132420,27982,494924
2020-07-26,,,14,0,77,958,314,3176,1540,9,8438,22542,217,122670,133960,27992,503361
2020-07-27,,,14,0,77,972,314,3252,1546,9,8475,22621,206,123223,135506,28002,511836
2020-07-28,,,14,0,78,987,314,3329,1551,8,8513,22701,195,123777,137058,28010,520348
2020-07-29,,,14,0,78,1001,314,3407,1557,8,8550,22781,185,124333,138615,28019,528898
2020-07-30,,,14,0,78,1016,315,3485,1563,7,8588,22862,176,124890,140178,28027,537486
2020-07-31,,,15,0,79,1030,315,3563,1569,7,8626,22944,167,125448,141746,28034,546112
2020-08-01,,,15,0,79,1045,315,3642,1574,7,8664,23026,158,126008,143320,28042,554775
2020-08-02,,,15,0,79,1059,315,3720,1580,6,8702,23109,150,126570,144901,28048,563477
2020-08-03,,,15,0,80,1074,316,3800,1586,6,8740,23193,143,127133,146487,28055,572217
2020-08-04,,,15,0,80,1089,316,3879,1592,6,8779,23277,135,127697,148078,28061,580995
