date,actual_deaths,total_deaths,predicted_deaths_mean,predicted_deaths_lower,predicted_deaths_upper,predicted_total_deaths_mean,predicted_total_deaths_lower,predicted_total_deaths_upper,predicted_new_infected_mean,predicted_new_infected_lower,predicted_new_infected_upper,predicted_current_infected_mean,predicted_current_infected_lower,predicted_current_infected_upper,predicted_total_infected_mean,predicted_total_infected_lower,predicted_total_infected_upper
2020-02-24,,,,,,,,,73,50,100,73,50,100,73,50,100
2020-02-25,,,,,,,,,73,50,100,146,100,200,146,100,200
2020-02-26,,,,,,,,,73,50,100,219,150,300,219,150,300
2020-02-27,,,,,,,,,73,50,100,292,200,400,292,200,400
2020-02-28,,,,,,,,,73,50,100,365,250,500,365,250,500
2020-02-29,,,,,,,,,73,50,100,438,300,600,438,300,600
2020-03-01,,,,,,,,,73,50,100,510,350,700,510,350,700
2020-03-02,,,,,,,,,73,50,100,583,400,800,583,400,800
2020-03-03,,,,,,,,,73,50,100,656,450,900,656,450,900
2020-03-04,,,,,,,,,212,139,300,868,589,1200,868,589,1200
2020-03-05,,,,,,,,,211,139,299,1079,729,1499,1079,729,1499
2020-03-06,,,,,,,,,223,147,318,1302,876,1816,1302,876,1816
2020-03-07,,,,,,,,,249,162,356,1551,1039,2172,1551,1039,2172
2020-03-08,,,,,,,,,302,194,433,1853,1234,2604,1853,1234,2604
2020-03-09,,,,,,,,,384,245,553,2237,1479,3157,2237,1479,3157
2020-03-10,,,,,,,,,447,284,643,2611,1714,3700,2684,1764,3800
2020-03-11,,,,,,,,,502,319,711,3040,1984,4310,3186,2084,4510
2020-03-12,,,,,,,,,567,361,775,3534,2295,4985,3753,2445,5285
2020-03-13,,,,,,,,,643,412,864,4105,2658,5748,4397,2858,6148
2020-03-14,,,,,,,,,734,475,974,4766,3083,6621,5130,3333,7121
2020-03-15,,,,,,,,,820,541,1068,5513,3575,7589,5950,3875,8189
2020-03-16,,,,,,,,,897,608,1156,6337,4133,8644,6848,4483,9344
2020-03-17,,,,,,,,,969,679,1233,7233,4763,9777,7817,5163,10577
2020-03-18,,,,,,,,,1036,756,1303,8196,5469,10980,8853,5919,11880
2020-03-19,1,1,,,,,,,1098,835,1364,9083,6165,12043,9951,6754,13243
2020-03-20,1,2,,,,,,,1151,909,1409,10023,6935,13152,11102,7664,14651
2020-03-21,1,3,,,,,,,1193,959,1460,10993,7747,14294,12295,8624,16110
2020-03-22,0,3,,,,,,,1223,992,1494,11967,8577,15432,13519,9616,17603
2020-03-23,1,4,,,,,,,1246,1016,1523,12911,9398,16522,14764,10632,19125
2020-03-24,3,7,,,,,,,1261,1037,1545,13788,10190,17513,16025,11669,20670
2020-03-25,1,8,,,,,,,1271,1050,1561,14612,10955,18431,17296,12719,22230
2020-03-26,1,9,,,,,,,1275,1051,1562,15384,11687,19282,18570,13771,23792
2020-03-27,0,9,,,,,,,1274,1051,1574,16091,12376,20082,19845,14822,25366
2020-03-28,1,10,,,,,,,1270,1044,1577,16718,13008,20794,21115,15867,26942
2020-03-29,3,13,,,,,,,1264,1028,1560,17249,13562,21380,22379,16896,28501
2020-03-30,0,13,,,,,,,1257,1005,1557,17686,14026,21869,23636,17902,30057
2020-03-31,2,15,,,,,,,1248,985,1558,18037,14403,22271,24884,18887,31615
2020-04-01,3,18,,,,,,,1238,957,1561,18306,14681,22599,26122,19845,33176
2020-04-02,4,22,,,,,,,1227,933,1552,18497,14859,22849,27350,20778,34728
2020-04-03,3,25,,,,,,,1216,911,1558,18615,14935,23043,28566,21690,36285
2020-04-04,8,33,,,,,,,1205,882,1568,18668,14907,23202,29770,22572,37852
2020-04-05,11,44,,,,,,,1193,851,1571,18668,14800,23313,30964,23424,39422
2020-04-06,3,47,,,,,,,1181,821,1580,18626,14629,23399,32145,24246,41001
2020-04-07,18,65,,,,,,,1170,787,1590,18551,14401,23466,33315,25033,42591
2020-04-08,21,86,,,,,,,1158,765,1581,18448,14130,23502,34473,25799,44171
2020-04-09,7,93,,,,,,,1147,738,1586,18324,13818,23527,35620,26538,45757
2020-04-10,6,99,,,,,,,1136,706,1599,18185,13473,23563,36756,27244,47355
2020-04-11,17,116,,,,,,,1125,676,1607,18036,13098,23596,37880,27921,48961
2020-04-12,2,118,,,,,,,1114,654,1607,17879,12708,23626,38994,28575,50568
2020-04-13,5,123,,,,,,,1103,630,1618,17718,12310,23685,40097,29206,52186
2020-04-14,26,149,,,,,,,1093,606,1626,17553,11910,23754,41190,29812,53811
2020-04-15,4,153,,,,,,,1083,580,1634,17388,11505,23830,42272,30392,55445
2020-04-16,16,169,,,,,,,1073,557,1642,17223,11105,23910,43345,30950,57086
2020-04-17,15,184,,,,,,,1063,533,1652,17058,10704,24010,44408,31483,58737
2020-04-18,13,197,,,,,,,1053,512,1662,16895,10306,24115,45461,31996,60399
2020-04-19,2,199,,,,,,,1044,494,1672,16735,9918,24219,46505,32490,62071
2020-04-20,1,200,,,,,,,1035,473,1681,16576,9539,24330,47540,32963,63752
2020-04-21,24,224,,,,,,,1026,452,1687,16421,9170,24437,48566,33416,65438
2020-04-22,14,238,,,,,,,1017,433,1696,16268,8816,24543,49583,33850,67134
2020-04-23,14,252,,,,,,,1008,415,1706,16118,8465,24668,50591,34265,68839
2020-04-24,20,272,,,,,,,1000,398,1712,15971,8125,24794,51591,34663,70550
2020-04-25,9,281,,,,,,,992,381,1717,15827,7800,24913,52583,35045,72267
2020-04-26,,,12,8,16,293,289,297,984,366,1723,15686,7490,25029,53567,35412,73989
2020-04-27,,,12,8,16,305,298,313,976,351,1728,15548,7187,25150,54542,35763,75717
2020-04-28,,,12,8,16,317,306,329,968,337,1733,15413,6894,25265,55510,36100,77450
2020-04-29,,,12,7,16,328,314,344,960,323,1752,15280,6611,25390,56470,36424,79201
2020-04-30,,,12,7,16,340,322,360,953,311,1756,15150,6342,25512,57423,36735,80956
2020-05-01,,,11,7,16,352,329,376,945,298,1758,15023,6083,25629,58368,37034,82714
2020-05-02,,,11,7,16,363,336,392,938,287,1761,14897,5838,25738,59305,37322,84474
2020-05-03,,,11,6,17,374,343,408,930,276,1763,14775,5602,25839,60236,37598,86237
2020-05-04,,,11,6,17,385,350,424,923,265,1765,14654,5373,25932,61159,37864,88002
2020-05-05,,,11,6,17,396,356,440,916,255,1767,14535,5156,26018,62075,38119,89769
2020-05-06,,,11,6,17,407,362,456,909,246,1769,14419,4949,26100,62984,38366,91538
2020-05-07,,,11,5,17,418,368,473,902,237,1775,14304,4753,26179,63887,38603,93312
2020-05-08,,,11,5,17,429,374,489,895,228,1781,14191,4565,26254,64782,38831,95092
2020-05-09,,,11,5,17,439,379,506,889,220,1786,14080,4387,26328,65671,39051,96877
2020-05-10,,,11,5,17,450,384,522,882,212,1791,13970,4217,26401,66553,39263,98668
2020-05-11,,,10,4,17,460,389,539,875,204,1796,13862,4055,26475,67428,39468,100463
2020-05-12,,,10,4,17,471,394,556,869,197,1801,13755,3901,26547,68297,39665,102264
2020-05-13,,,10,4,17,481,398,573,862,190,1805,13650,3754,26619,69160,39855,104068
2020-05-14,,,10,4,17,491,403,590,856,183,1809,13545,3614,26676,70015,40038,105877
2020-05-15,,,10,4,18,501,407,607,850,177,1813,13442,3480,26734,70865,40216,107689
2020-05-16,,,10,4,18,511,411,624,843,170,1817,13341,3352,26792,71708,40387,109506
2020-05-17,,,10,3,18,521,415,641,837,165,1820,13240,3230,26852,72545,40552,111325
2020-05-18,,,10,3,18,531,418,658,831,159,1823,13140,3113,26912,73376,40711,113148
2020-05-19,,,10,3,18,541,422,675,824,153,1825,13041,3001,26972,74200,40865,114973
2020-05-20,,,10,3,18,551,425,693,818,148,1825,12943,2894,27029,75018,41014,116797
2020-05-21,,,10,3,18,560,429,710,812,143,1824,12845,2791,27084,75830,41157,118621
2020-05-22,,,10,3,18,570,432,728,806,138,1826,12749,2693,27135,76636,41296,120446
2020-05-23,,,9,3,18,579,435,745,800,134,1827,12653,2599,27182,77435,41430,122273
2020-05-24,,,9,2,18,589,438,763,793,129,1829,12558,2509,27225,78229,41560,124102
2020-05-25,,,9,2,18,598,440,781,787,125,1831,12463,2422,27265,79016,41685,125932
2020-05-26,,,9,2,18,607,443,798,781,121,1832,12369,2338,27301,79797,41806,127764
2020-05-27,,,9,2,18,616,446,816,775,117,1833,12275,2258,27333,80573,41923,129596
2020-05-28,,,9,2,18,625,448,834,769,113,1834,12182,2181,27362,81342,42037,131430
2020-05-29,,,9,2,18,634,451,851,763,109,1835,12089,2107,27387,82105,42146,133264
2020-05-30,,,9,2,18,643,453,869,757,105,1835,11997,2035,27409,82862,42251,135098
2020-05-31,,,9,2,18,652,455,887,751,101,1835,11905,1966,27427,83613,42353,136933
2020-06-01,,,9,2,18,661,457,905,818,108,2078,11886,1910,27685,84431,42462,139010
2020-06-02,,,9,2,18,670,459,923,811,104,2077,11867,1855,27939,85242,42567,141086
2020-06-03,,,9,1,18,678,461,941,809,101,2095,11852,1803,28208,86051,42669,143181
2020-06-04,,,9,1,19,687,463,959,810,99,2124,11844,1754,28508,86862,42768,145304
2020-06-05,,,9,1,19,696,465,977,820,98,2195,11852,1708,28879,87682,42866,147499
2020-06-06,,,8,1,19,704,467,995,838,97,2311,11884,1667,29364,88520,42963,149810
2020-06-07,,,8,1,19,713,469,1013,850,95,2402,11935,1628,29939,89370,43059,152211
2020-06-08,,,8,1,19,721,470,1031,857,92,2468,11999,1591,30577,90227,43151,154679
2020-06-09,,,8,1,19,729,472,1050,865,89,2530,12076,1556,31276,91092,43241,157208
2020-06-10,,,8,1,19,737,473,1068,874,87,2606,12169,1522,32051,91966,43329,159814
2020-06-11,,,8,1,19,746,475,1086,886,85,2709,12279,1490,32926,92852,43414,162522
2020-06-12,,,8,1,19,754,476,1104,898,83,2812,12408,1461,33904,93750,43498,165334
2020-06-13,,,8,1,19,762,478,1123,909,81,2911,12554,1433,34981,94659,43579,168244
2020-06-14,,,8,1,19,770,479,1141,920,79,3010,12717,1406,36156,95579,43658,171254
2020-06-15,,,8,1,19,778,480,1159,930,76,3113,12896,1381,37434,96509,43735,174366
2020-06-16,,,8,1,19,786,482,1177,942,74,3222,13020,1347,38579,97451,43809,177588
2020-06-17,,,8,1,19,793,483,1196,955,72,3337,13164,1315,39839,98406,43882,180925
2020-06-18,,,8,1,19,801,484,1214,967,70,3454,13322,1283,41198,99374,43952,184379
2020-06-19,,,8,1,19,809,485,1233,980,67,3573,13492,1251,42648,100353,44020,187952
2020-06-20,,,8,1,19,817,486,1251,993,65,3696,13664,1219,44149,101346,44086,191647
2020-06-21,,,8,1,19,825,487,1270,1006,63,3823,13832,1185,45660,102352,44149,195469
2020-06-22,,,8,1,20,832,488,1290,1019,61,3954,14001,1151,47212,103371,44210,199423
2020-06-23,,,8,1,20,840,489,1310,1033,58,4090,14178,1117,48834,104405,44269,203512
2020-06-24,,,8,1,21,848,490,1330,1048,56,4229,14360,1084,50533,105452,44326,207741
2020-06-25,,,8,1,21,856,491,1351,1062,54,4372,14549,1051,52299,106515,44380,212113
2020-06-26,,,8,1,22,865,492,1373,1077,52,4520,14740,1018,54111,107592,44432,216633
2020-06-27,,,8,0,23,873,493,1395,1093,50,4673,14935,985,55972,108685,44483,221305
2020-06-28,,,8,0,24,881,494,1418,1109,48,4831,15135,952,57893,109794,44531,226136
2020-06-29,,,8,0,24,890,495,1442,1126,46,4994,15342,919,59876,110920,44578,231130
2020-06-30,,,9,0,25,898,496,1467,1143,44,5162,15555,887,61925,112064,44622,236291
2020-07-01,,,9,0,26,907,497,1492,1161,42,5334,15773,854,64037,113225,44664,241625
2020-07-02,,,9,0,27,916,498,1518,1179,40,5512,15998,822,66212,114404,44704,247136
2020-07-03,,,9,0,28,925,499,1545,1198,38,5695,16229,790,68453,115602,44743,252831
2020-07-04,,,9,0,29,934,500,1574,1218,36,5884,16466,759,70763,116820,44779,258715
2020-07-05,,,9,0,30,943,501,1603,1238,34,6079,16711,727,73146,118057,44813,264793
2020-07-06,,,9,0,31,952,501,1633,1258,32,6279,16964,697,75602,119315,44846,271071
2020-07-07,,,9,0,32,961,502,1664,1279,31,6485,17223,667,78133,120595,44877,277555
2020-07-08,,,9,0,33,971,503,1697,1301,29,6696,17491,637,80739,121895,44907,284251
2020-07-09,,,10,0,34,980,504,1730,1323,27,6914,17766,608,83424,123219,44935,291165
2020-07-10,,,10,0,35,990,504,1765,1346,26,7139,18050,580,86190,124565,44961,298303
2020-07-11,,,10,0,36,1000,505,1801,1370,24,7369,18342,552,89039,125934,44985,305671
2020-07-12,,,10,0,38,1010,506,1838,1394,23,7606,18643,525,91972,127328,45009,313277
2020-07-13,,,10,0,39,1020,506,1876,1418,21,7849,18952,499,94990,128746,45031,321126
2020-07-14,,,10,0,40,1030,507,1916,1444,20,8099,19270,473,98095,130190,45051,329225
2020-07-15,,,10,0,42,1040,507,1957,1470,19,8356,19597,448,101290,131660,45071,337580
2020-07-16,,,10,0,43,1051,508,1999,1497,18,8620,19932,425,104575,133157,45090,346199
2020-07-17,,,11,0,44,1061,509,2043,1524,17,8890,20277,402,107953,134681,45107,355089
2020-07-18,,,11,0,46,1072,509,2088,1552,16,9167,20631,380,111425,136233,45123,364256
2020-07-19,,,11,0,47,1083,510,2135,1581,15,9452,20994,360,114993,137814,45139,373707
2020-07-20,,,11,0,49,1094,510,2184,1610,14,9743,21367,340,118657,139424,45154,383450
2020-07-21,,,11,0,51,1105,511,2234,1640,13,10042,21749,321,122421,141065,45168,393491
2020-07-22,,,11,0,52,1117,511,2285,1671,13,10348,22141,303,126284,142736,45181,403838
2020-07-23,,,12,0,54,1129,511,2339,1703,12,10661,22543,286,130249,144438,45193,414499
2020-07-24,,,12,0,56,1140,512,2394,1735,11,10981,22955,269,134316,146173,45205,425480
2020-07-25,,,12,0,58,1152,512,2451,1768,10,11309,23376,254,138486,147941,45215,436788
2020-07-26,,,12,0,60,1165,513,2510,1801,10,11644,23808,240,142761,149742,45226,448432
2020-07-27,,,12,0,61,1177,513,2571,1836,9,11987,24250,226,147142,151578,45236,460418
2020-07-28,,,13,0,63,1190,513,2634,1871,9,12336,24702,214,151629,153448,45245,472754
2020-07-29,,,13,0,66,1202,514,2699,1906,8,12693,25164,202,156222,155355,45254,485446
2020-07-30,,,13,0,68,1215,514,2766,1943,8,13057,25637,190,160923,157297,45262,498503
2020-07-31,,,13,0,70,1229,514,2836,1980,7,13428,26120,179,165732,159277,45270,511930
2020-08-01,,,13,0,72,1242,514,2907,2018,7,13806,26614,169,170648,161295,45277,525736
2020-08-02,,,14,0,74,1256,515,2981,2056,6,14191,27118,160,175672,163351,45284,539927
2020-08-03,,,14,0,77,1270,515,3058,2095,6,14583,27632,151,180803,165446,45290,554510
2020-08-04,,,14,0,79,1284,515,3136,2135,6,14988,28157,142,186048,167582,45296,569497
