date,actual_deaths,total_deaths,predicted_deaths_mean,predicted_deaths_lower,predicted_deaths_upper,predicted_total_deaths_mean,predicted_total_deaths_lower,predicted_total_deaths_upper,predicted_new_infected_mean,predicted_new_infected_lower,predicted_new_infected_upper,predicted_current_infected_mean,predicted_current_infected_lower,predicted_current_infected_upper,predicted_total_infected_mean,predicted_total_infected_lower,predicted_total_infected_upper
2020-02-24,,,,,,,,,64,50,100,64,50,100,64,50,100
2020-02-25,,,,,,,,,64,50,100,129,100,200,129,100,200
2020-02-26,,,,,,,,,64,50,100,193,150,300,193,150,300
2020-02-27,,,,,,,,,64,50,100,257,200,400,257,200,400
2020-02-28,,,,,,,,,64,50,100,321,250,500,321,250,500
2020-02-29,,,,,,,,,64,50,100,386,300,600,386,300,600
2020-03-01,,,,,,,,,64,50,100,450,350,700,450,350,700
2020-03-02,,,,,,,,,64,50,100,514,400,800,514,400,800
2020-03-03,,,,,,,,,64,50,100,579,450,900,579,450,900
2020-03-04,,,,,,,,,181,129,277,760,579,1177,760,579,1177
2020-03-05,,,,,,,,,180,129,275,940,709,1452,940,709,1452
2020-03-06,,,,,,,,,190,135,288,1130,844,1739,1130,844,1739
2020-03-07,,,,,,,,,210,147,315,1341,992,2054,1341,992,2054
2020-03-08,,,,,,,,,252,172,372,1593,1165,2426,1593,1165,2426
2020-03-09,,,,,,,,,316,212,458,1909,1377,2883,1909,1377,2883
2020-03-10,,,,,,,,,365,242,519,2210,1570,3302,2274,1620,3402
2020-03-11,,,,,,,,,407,268,565,2553,1788,3766,2681,1888,3966
2020-03-12,,,,,,,,,455,297,633,2943,2036,4299,3136,2186,4599
2020-03-13,,,,,,,,,510,332,694,3389,2319,4892,3646,2519,5292
2020-03-14,,,,,,,,,575,375,771,3900,2644,5562,4221,2894,6062
2020-03-15,,,,,,,,,637,419,841,4472,3014,6303,4858,3314,6903
2020-03-16,,,,,,,,,692,463,904,5100,3428,7106,5550,3778,7806
2020-03-17,,,,,,,,,742,507,951,5778,3886,7956,6292,4286,8756
2020-03-18,,,,,,,,,790,553,1011,6503,4389,8867,7082,4839,9767
2020-03-19,1,1,,,,,,,834,597,1064,7156,4857,9654,7916,5437,10831
2020-03-20,0,1,,,,,,,873,639,1100,7849,5367,10479,8789,6076,11930
2020-03-21,0,1,,,,,,,904,678,1131,8563,5910,11321,9693,6755,13060
2020-03-22,0,1,,,,,,,927,716,1164,9280,6480,12170,10621,7472,14224
2020-03-23,0,1,,,,,,,945,737,1200,9973,7044,12998,11566,8209,15423
2020-03-24,0,1,,,,,,,958,754,1218,10615,7586,13757,12524,8964,16640
2020-03-25,2,3,,,,,,,966,765,1220,11216,8109,14458,13490,9730,17859
2020-03-26,3,6,,,,,,,971,773,1227,11780,8615,15120,14461,10503,19086
2020-03-27,2,8,,,,,,,972,777,1235,12297,9095,15723,15433,11281,20321
2020-03-28,5,13,,,,,,,970,768,1239,12758,9531,16268,16403,12050,21559
2020-03-29,1,14,,,,,,,967,755,1228,13150,9910,16725,17371,12805,22787
2020-03-30,2,16,,,,,,,963,740,1231,13475,10231,17115,18333,13546,24018
2020-03-31,4,20,,,,,,,957,723,1238,13740,10490,17450,19290,14269,25255
2020-04-01,2,22,,,,,,,950,711,1246,13948,10694,17745,20240,14980,26501
2020-04-02,4,26,,,,,,,943,692,1258,14102,10833,17992,21184,15673,27759
2020-04-03,3,29,,,,,,,935,667,1262,14203,10903,18190,22119,16340,29020
2020-04-04,6,35,,,,,,,927,645,1258,14257,10909,18348,23046,16986,30278
2020-04-05,8,43,,,,,,,919,626,1251,14272,10857,18469,23966,17613,31529
2020-04-06,8,51,,,,,,,911,604,1249,14256,10745,18554,24877,18218,32777
2020-04-07,9,60,,,,,,,903,584,1257,14214,10592,18611,25779,18802,34034
2020-04-08,7,67,,,,,,,895,562,1261,14150,10400,18655,26674,19365,35294
2020-04-09,9,76,,,,,,,886,548,1263,14070,10182,18698,27560,19913,36557
2020-04-10,6,82,,,,,,,878,531,1258,13977,9940,18730,28439,20444,37815
2020-04-11,11,93,,,,,,,870,511,1266,13876,9674,18760,29309,20955,39081
2020-04-12,3,96,,,,,,,862,492,1275,13768,9398,18797,30171,21448,40355
2020-04-13,2,98,,,,,,,855,472,1280,13655,9116,18848,31026,21921,41635
2020-04-14,13,111,,,,,,,847,453,1282,13540,8829,18900,31873,22375,42917
2020-04-15,11,122,,,,,,,840,436,1292,13422,8542,18953,32713,22811,44208
2020-04-16,7,129,,,,,,,832,420,1301,13304,8252,19007,33545,23232,45508
2020-04-17,11,140,,,,,,,825,404,1311,13186,7964,19060,34370,23637,46818
2020-04-18,12,152,,,,,,,818,389,1321,13069,7686,19119,35188,24027,48138
2020-04-19,7,159,,,,,,,811,374,1330,12953,7414,19190,35999,24401,49468
2020-04-20,10,169,,,,,,,804,359,1337,12838,7147,19276,36803,24760,50804
2020-04-21,14,183,,,,,,,798,345,1346,12724,6888,19373,37601,25106,52150
2020-04-22,10,193,,,,,,,791,335,1352,12613,6638,19468,38392,25441,53501
2020-04-23,8,201,,,,,,,785,325,1361,12503,6402,19568,39177,25767,54862
2020-04-24,8,209,,,,,,,778,313,1369,12395,6167,19673,39955,26080,56230
2020-04-25,12,221,,,,,,,772,301,1377,12289,5937,19792,40727,26382,57607
2020-04-26,,,9,6,13,230,227,234,766,290,1385,12184,5716,19912,41493,26672,58992
2020-04-27,,,9,6,13,239,233,247,760,279,1393,12082,5503,20029,42253,26952,60384
2020-04-28,,,9,6,13,249,239,259,754,269,1400,11981,5300,20149,43007,27221,61783
2020-04-29,,,9,5,13,258,245,272,748,259,1407,11882,5106,20273,43755,27481,63189
2020-04-30,,,9,5,13,267,251,284,742,250,1413,11785,4920,20394,44497,27732,64602
2020-05-01,,,9,5,13,275,256,297,737,241,1414,11689,4741,20508,45234,27974,66016
2020-05-02,,,9,5,13,284,262,309,731,233,1416,11595,4569,20613,45965,28207,67431
2020-05-03,,,9,5,13,293,267,322,725,225,1417,11502,4405,20710,46690,28432,68848
2020-05-04,,,9,4,13,302,272,335,720,217,1427,11411,4248,20807,47410,28649,70274
2020-05-05,,,9,4,13,310,277,347,714,210,1430,11321,4099,20900,48124,28860,71704
2020-05-06,,,8,4,13,319,281,360,709,203,1433,11232,3956,20987,48833,29063,73136
2020-05-07,,,8,4,13,327,286,373,703,196,1438,11144,3817,21073,49536,29259,74574
2020-05-08,,,8,4,13,335,290,386,698,189,1443,11057,3681,21154,50234,29449,76016
2020-05-09,,,8,4,14,344,294,399,693,183,1446,10971,3551,21232,50927,29632,77461
2020-05-10,,,8,3,14,352,298,412,687,177,1450,10887,3427,21304,51614,29810,78911
2020-05-11,,,8,3,14,360,301,426,682,171,1453,10803,3309,21373,52296,29981,80364
2020-05-12,,,8,3,14,368,305,439,677,166,1457,10720,3195,21437,52973,30148,81820
2020-05-13,,,8,3,14,376,309,453,672,161,1459,10638,3087,21496,53645,30309,83279
2020-05-14,,,8,3,14,384,312,466,667,155,1463,10556,2983,21553,54311,30465,84741
2020-05-15,,,8,3,14,392,315,480,661,151,1462,10475,2883,21602,54972,30616,86203
2020-05-16,,,8,3,14,399,318,493,656,146,1461,10395,2788,21649,55629,30762,87664
2020-05-17,,,8,3,14,407,321,507,651,141,1460,10315,2697,21694,56280,30904,89124
2020-05-18,,,8,2,14,415,324,521,646,137,1459,10236,2609,21736,56926,31041,90583
2020-05-19,,,8,2,14,422,327,535,641,133,1458,10157,2524,21767,57567,31174,92040
2020-05-20,,,8,2,14,430,330,549,636,128,1456,10079,2443,21793,58203,31303,93496
2020-05-21,,,7,2,15,437,332,563,631,125,1455,10001,2365,21815,58833,31428,94950
2020-05-22,,,7,2,15,445,335,577,626,121,1462,9923,2290,21839,59459,31549,96412
2020-05-23,,,7,2,15,452,337,591,621,117,1463,9846,2218,21860,60080,31667,97875
2020-05-24,,,7,2,15,460,340,605,616,113,1464,9769,2148,21877,60695,31781,99338
2020-05-25,,,7,2,15,467,342,619,611,110,1464,9692,2081,21892,61306,31891,100802
2020-05-26,,,7,2,15,474,344,634,605,106,1465,9615,2016,21903,61911,31998,102266
2020-05-27,,,7,2,15,481,346,648,600,103,1465,9539,1953,21911,62511,32101,103730
2020-05-28,,,7,2,15,488,348,662,595,100,1465,9462,1892,21916,63107,32202,105195
2020-05-29,,,7,1,15,495,350,677,590,97,1464,9386,1834,21917,63697,32299,106658
2020-05-30,,,7,1,15,502,352,691,585,94,1463,9310,1777,21918,64282,32393,108121
2020-05-31,,,7,1,15,509,354,706,580,91,1462,9234,1722,21919,64862,32484,109583
2020-06-01,,,7,1,15,516,356,720,631,95,1629,9214,1675,22087,65494,32579,111211
2020-06-02,,,7,1,15,523,358,735,626,92,1624,9194,1630,22252,66119,32671,112835
2020-06-03,,,7,1,15,530,359,749,623,89,1633,9176,1586,22427,66742,32760,114467
2020-06-04,,,7,1,15,536,361,764,624,86,1655,9164,1543,22626,67366,32847,116122
2020-06-05,,,7,1,15,543,362,778,631,83,1688,9163,1502,22860,67997,32931,117810
2020-06-06,,,7,1,15,550,364,793,644,82,1740,9182,1464,23137,68641,33014,119549
2020-06-07,,,7,1,15,556,365,808,652,81,1800,9213,1428,23475,69293,33095,121349
2020-06-08,,,7,1,15,563,367,822,657,79,1845,9255,1394,23856,69950,33175,123193
2020-06-09,,,6,1,15,569,368,837,662,77,1891,9306,1361,24282,70612,33252,125084
2020-06-10,,,6,1,15,576,370,851,668,75,1939,9369,1330,24757,71280,33328,127022
2020-06-11,,,6,1,15,582,371,866,677,74,2006,9445,1300,25297,71957,33402,129027
2020-06-12,,,6,1,15,588,372,880,685,72,2072,9535,1272,25904,72642,33474,131098
2020-06-13,,,6,1,15,594,373,895,693,70,2140,9637,1246,26581,73334,33545,133238
2020-06-14,,,6,1,15,601,375,910,700,68,2209,9752,1220,27326,74034,33614,135447
2020-06-15,,,6,1,15,607,376,924,707,66,2280,9879,1196,28144,74741,33681,137726
2020-06-16,,,6,1,15,613,377,939,715,65,2355,9962,1166,28870,75456,33746,140081
2020-06-17,,,6,1,15,619,378,953,723,63,2434,10060,1137,29680,76179,33809,142514
2020-06-18,,,6,1,15,625,379,968,732,61,2515,10169,1110,30562,76911,33871,145029
2020-06-19,,,6,1,15,631,380,983,740,59,2597,10285,1082,31504,77651,33930,147625
2020-06-20,,,6,0,15,637,381,998,749,57,2681,10403,1056,32496,78400,33988,150305
2020-06-21,,,6,0,16,643,382,1013,757,55,2767,10517,1029,33524,79157,34043,153072
2020-06-22,,,6,0,16,649,383,1028,766,53,2857,10631,1001,34580,79924,34097,155929
2020-06-23,,,6,0,16,655,384,1044,775,51,2949,10749,973,35685,80699,34149,158877
2020-06-24,,,6,0,17,661,385,1060,785,49,3044,10872,945,36838,81484,34198,161921
2020-06-25,,,6,0,17,668,385,1077,794,47,3140,10998,917,38039,82278,34246,165060
2020-06-26,,,6,0,17,674,386,1093,804,45,3240,11125,889,39273,83082,34291,168300
2020-06-27,,,6,0,18,680,387,1110,814,43,3343,11254,860,40544,83896,34335,171642
2020-06-28,,,6,0,18,687,388,1128,825,42,3448,11387,832,41852,84721,34378,175089
2020-06-29,,,6,0,18,693,389,1146,836,40,3556,11523,804,43199,85557,34418,178645
2020-06-30,,,7,0,19,700,390,1164,847,39,3668,11663,776,44587,86404,34457,182312
2020-07-01,,,7,0,19,706,390,1183,858,37,3782,11806,749,46013,87263,34495,186093
2020-07-02,,,7,0,20,713,391,1202,870,36,3899,11953,721,47478,88133,34531,189992
2020-07-03,,,7,0,21,720,392,1223,882,34,4019,12104,695,48981,89015,34566,194010
2020-07-04,,,7,0,21,727,393,1243,895,33,4142,12259,668,50526,89910,34599,198151
2020-07-05,,,7,0,22,734,393,1265,908,31,4268,12418,642,52114,90818,34631,202419
2020-07-06,,,7,0,23,741,394,1287,921,29,4398,12582,617,53745,91739,34661,206816
2020-07-07,,,7,0,23,748,395,1310,934,28,4530,12750,591,55418,92673,34689,211346
2020-07-08,,,7,0,24,755,395,1333,948,26,4666,12922,566,57135,93621,34715,216012
2020-07-09,,,7,0,25,762,396,1358,962,25,4805,13100,542,58897,94584,34740,220817
2020-07-10,,,7,0,26,769,397,1383,977,23,4948,13282,518,60704,95560,34764,225764
2020-07-11,,,7,0,27,777,397,1409,992,22,5093,13470,495,62558,96552,34786,230857
2020-07-12,,,7,0,27,784,398,1436,1007,21,5242,13662,472,64457,97559,34807,236098
2020-07-13,,,8,0,28,792,398,1464,1022,19,5394,13859,449,66403,98581,34827,241492
2020-07-14,,,8,0,29,800,399,1492,1038,18,5549,14062,427,68396,99619,34846,247041
2020-07-15,,,8,0,30,807,399,1522,1054,17,5708,14269,406,70437,100673,34864,252749
2020-07-16,,,8,0,31,815,400,1552,1071,16,5870,14481,385,72525,101743,34880,258618
2020-07-17,,,8,0,32,823,400,1584,1087,15,6035,14698,365,74662,102831,34896,264653
2020-07-18,,,8,0,33,831,401,1616,1105,14,6203,14920,345,76846,103935,34911,270856
2020-07-19,,,8,0,34,839,401,1650,1122,13,6375,15147,325,79079,105057,34925,277230
2020-07-20,,,8,0,35,848,402,1684,1140,13,6549,15379,307,81360,106197,34938,283779
2020-07-21,,,8,0,36,856,402,1720,1158,12,6727,15616,290,83690,107355,34951,290506
2020-07-22,,,8,0,37,864,402,1757,1176,11,6908,15858,273,86067,108531,34962,297413
2020-07-23,,,9,0,38,873,403,1795,1195,11,7092,16105,258,88492,109726,34973,304504
2020-07-24,,,9,0,40,882,403,1834,1214,10,7278,16357,243,90965,110940,34984,311781
2020-07-25,,,9,0,41,891,404,1874,1233,9,7467,16613,229,93485,112173,34994,319248
2020-07-26,,,9,0,42,900,404,1916,1253,9,7659,16875,216,96051,113426,35003,326907
2020-07-27,,,9,0,43,909,404,1958,1273,8,7854,17141,204,98663,114699,35012,334760
2020-07-28,,,9,0,45,918,405,2002,1293,8,8051,17411,192,101319,115992,35020,342811
2020-07-29,,,9,0,46,927,405,2048,1313,7,8250,17687,181,104020,117306,35028,351060
2020-07-30,,,9,0,47,937,405,2095,1334,7,8452,17967,171,106763,118640,35035,359511
2020-07-31,,,10,0,49,946,405,2143,1355,6,8654,18251,161,109548,119994,35042,368165
2020-08-01,,,10,0,50,956,406,2192,1376,6,8861,18540,152,112373,121371,35049,377025
2020-08-02,,,10,0,52,966,406,2243,1397,6,9069,18833,143,115239,122768,35055,386094
2020-08-03,,,10,0,53,976,406,2296,1419,5,9279,19130,135,118143,124187,35061,395373
2020-08-04,,,10,0,55,986,406,2350,1441,5,9490,19430,128,121084,125627,35066,404863
