date,actual_deaths,total_deaths,predicted_deaths_mean,predicted_deaths_lower,predicted_deaths_upper,predicted_total_deaths_mean,predicted_total_deaths_lower,predicted_total_deaths_upper,predicted_new_infected_mean,predicted_new_infected_lower,predicted_new_infected_upper,predicted_current_infected_mean,predicted_current_infected_lower,predicted_current_infected_upper,predicted_total_infected_mean,predicted_total_infected_lower,predicted_total_infected_upper
2020-03-03,,,,,,,,,62,25,75,62,25,75,62,25,75
2020-03-04,,,,,,,,,62,25,75,123,50,150,123,50,150
2020-03-05,,,,,,,,,62,25,75,185,75,225,185,75,225
2020-03-06,,,,,,,,,62,25,75,246,100,300,246,100,300
2020-03-07,,,,,,,,,62,25,75,308,125,375,308,125,375
2020-03-08,,,,,,,,,62,25,75,370,150,450,370,150,450
2020-03-09,,,,,,,,,62,25,75,431,175,525,431,175,525
2020-03-10,,,,,,,,,62,25,75,493,200,600,493,200,600
2020-03-11,,,,,,,,,62,25,75,555,225,675,555,225,675
2020-03-12,,,,,,,,,128,70,161,683,295,836,683,295,836
2020-03-13,,,,,,,,,127,69,159,810,364,994,810,364,994
2020-03-14,,,,,,,,,129,73,161,939,437,1154,939,437,1154
2020-03-15,,,,,,,,,135,80,166,1074,518,1320,1074,518,1320
2020-03-16,,,,,,,,,148,94,181,1222,613,1500,1222,613,1500
2020-03-17,,,,,,,,,168,117,203,1390,730,1703,1390,730,1703
2020-03-18,,,,,,,,,180,133,216,1508,839,1843,1570,864,1918
2020-03-19,,,,,,,,,188,142,225,1635,956,1993,1758,1006,2143
2020-03-20,,,,,,,,,196,150,233,1769,1081,2150,1954,1156,2375
2020-03-21,,,,,,,,,203,161,242,1911,1218,2317,2157,1318,2617
2020-03-22,,,,,,,,,213,172,253,2062,1366,2494,2370,1491,2869
2020-03-23,,,,,,,,,221,180,265,2221,1522,2684,2591,1672,3134
2020-03-24,,,,,,,,,227,186,274,2386,1683,2883,2817,1858,3408
2020-03-25,,,,,,,,,231,189,281,2556,1848,3088,3049,2048,3688
2020-03-26,,,,,,,,,235,192,287,2730,2015,3300,3284,2240,3975
2020-03-27,,,,,,,,,239,196,293,2841,2141,3432,3524,2437,4267
2020-03-28,2,2,,,,,,,243,199,298,2957,2271,3571,3766,2636,4564
2020-03-29,0,2,,,,,,,245,201,303,3073,2399,3714,4012,2837,4867
2020-03-30,0,2,,,,,,,247,202,306,3185,2521,3854,4259,3040,5173
2020-03-31,1,3,,,,,,,249,204,309,3286,2631,3982,4508,3244,5482
2020-04-01,1,4,,,,,,,250,205,311,3368,2719,4090,4758,3450,5792
2020-04-02,1,5,,,,,,,251,207,313,3439,2793,4187,5009,3657,6105
2020-04-03,1,6,,,,,,,252,206,314,3502,2857,4276,5260,3864,6418
2020-04-04,0,6,,,,,,,252,205,316,3558,2913,4359,5512,4070,6733
2020-04-05,2,8,,,,,,,252,204,317,3607,2956,4434,5764,4274,7050
2020-04-06,1,9,,,,,,,252,203,316,3646,2986,4498,6016,4478,7366
2020-04-07,1,10,,,,,,,252,200,318,3677,3006,4551,6268,4678,7684
2020-04-08,2,12,,,,,,,251,197,319,3702,3017,4595,6519,4876,8002
2020-04-09,2,14,,,,,,,251,195,319,3721,3023,4634,6770,5071,8321
2020-04-10,1,15,,,,,,,250,190,321,3735,3021,4667,7020,5262,8641
2020-04-11,2,17,,,,,,,249,186,321,3745,3011,4695,7269,5449,8962
2020-04-12,0,17,,,,,,,248,181,322,3751,2994,4720,7517,5630,9284
2020-04-13,0,17,,,,,,,247,177,322,3753,2971,4738,7764,5808,9605
2020-04-14,3,20,,,,,,,246,173,322,3751,2941,4754,8010,5981,9926
2020-04-15,0,20,,,,,,,245,167,322,3748,2904,4767,8255,6149,10248
2020-04-16,1,21,,,,,,,244,160,322,3741,2859,4778,8499,6309,10570
2020-04-17,3,24,,,,,,,242,156,322,3733,2808,4787,8741,6465,10891
2020-04-18,0,24,,,,,,,241,152,322,3722,2754,4794,8983,6618,11212
2020-04-19,4,28,,,,,,,240,149,321,3710,2698,4800,9222,6768,11533
2020-04-20,5,33,,,,,,,238,146,321,3696,2639,4804,9460,6914,11854
2020-04-21,0,33,,,,,,,236,142,320,3680,2579,4807,9697,7057,12173
2020-04-22,5,38,,,,,,,235,140,319,3664,2518,4809,9931,7197,12492
2020-04-23,9,47,,,,,,,233,137,318,3646,2458,4808,10165,7334,12810
2020-04-24,3,50,,,,,,,231,134,317,3626,2397,4806,10396,7468,13127
2020-04-25,0,50,,,,,,,230,131,316,3606,2337,4802,10626,7600,13443
2020-04-26,,,3,2,4,53,52,54,228,128,315,3585,2280,4795,10854,7729,13757
2020-04-27,,,3,2,4,55,54,57,226,126,313,3563,2224,4787,11080,7855,14070
2020-04-28,,,3,2,4,58,56,60,224,123,312,3539,2170,4777,11304,7979,14381
2020-04-29,,,3,2,4,60,58,63,222,121,310,3515,2118,4765,11526,8100,14691
2020-04-30,,,3,1,4,63,60,66,220,118,309,3490,2069,4752,11746,8219,14999
2020-05-01,,,3,1,4,65,62,69,218,116,307,3465,2025,4737,11964,8335,15306
2020-05-02,,,2,1,4,68,63,73,216,113,305,3438,1983,4719,12180,8449,15610
2020-05-03,,,2,1,4,70,65,76,214,110,303,3411,1940,4701,12394,8559,15913
2020-05-04,,,2,1,4,73,67,79,212,106,301,3383,1897,4680,12605,8665,16213
2020-05-05,,,2,1,4,75,69,82,210,103,299,3355,1854,4658,12815,8769,16511
2020-05-06,,,2,1,4,77,71,85,207,100,296,3326,1811,4634,13022,8869,16807
2020-05-07,,,2,1,4,80,72,89,205,97,294,3296,1769,4609,13227,8966,17101
2020-05-08,,,2,1,4,82,74,92,203,94,292,3266,1726,4582,13430,9060,17392
2020-05-09,,,2,1,4,85,76,95,201,91,289,3235,1683,4554,13631,9152,17681
2020-05-10,,,2,1,4,87,77,98,198,88,287,3203,1640,4525,13829,9241,17967
2020-05-11,,,2,1,4,90,79,102,196,86,284,3171,1598,4494,14025,9327,18250
2020-05-12,,,2,1,4,92,80,105,193,83,281,3139,1555,4462,14218,9410,18531
2020-05-13,,,2,1,4,94,81,108,191,81,279,3106,1512,4429,14409,9492,18810
2020-05-14,,,2,1,4,97,83,111,189,78,276,3072,1470,4394,14598,9570,19085
2020-05-15,,,2,1,4,99,84,114,186,76,273,3038,1428,4359,14784,9647,19358
2020-05-16,,,2,1,4,101,86,117,184,74,270,3004,1386,4322,14968,9721,19627
2020-05-17,,,2,1,4,104,87,121,181,72,267,2969,1344,4284,15149,9794,19894
2020-05-18,,,2,1,4,106,88,124,179,70,264,2934,1305,4245,15328,9864,20157
2020-05-19,,,2,1,4,108,89,127,176,68,261,2899,1266,4206,15504,9932,20418
2020-05-20,,,2,1,4,110,91,130,174,66,258,2863,1229,4165,15678,9999,20675
2020-05-21,,,2,1,4,113,92,133,171,64,255,2826,1194,4123,15849,10063,20930
2020-05-22,,,2,1,4,115,93,136,168,62,252,2790,1159,4080,16017,10126,21181
2020-05-23,,,2,1,4,117,94,139,166,61,248,2753,1127,4037,16183,10187,21428
2020-05-24,,,2,1,4,119,95,142,163,59,245,2715,1095,3993,16346,10247,21673
2020-05-25,,,2,1,4,121,97,145,161,58,242,2678,1065,3948,16507,10306,21914
2020-05-26,,,2,1,4,123,98,148,158,57,238,2640,1036,3902,16665,10363,22152
2020-05-27,,,2,1,3,125,99,151,155,55,235,2602,1008,3855,16820,10419,22386
2020-05-28,,,2,1,3,128,100,154,153,54,231,2563,981,3808,16973,10473,22617
2020-05-29,,,2,0,3,130,101,157,150,52,228,2525,955,3759,17123,10526,22844
2020-05-30,,,2,0,3,132,102,160,147,51,224,2486,929,3711,17270,10577,23068
2020-05-31,,,2,0,3,134,102,163,144,49,221,2446,905,3661,17414,10627,23288
2020-06-01,,,2,0,3,136,103,166,154,53,254,2420,886,3648,17569,10680,23542
2020-06-02,,,2,0,3,138,104,169,151,52,250,2392,868,3634,17720,10733,23791
2020-06-03,,,2,0,3,139,105,171,149,50,248,2365,851,3621,17869,10783,24039
2020-06-04,,,2,0,3,141,106,174,147,50,248,2339,834,3611,18017,10834,24286
2020-06-05,,,2,0,3,143,107,177,147,50,251,2315,820,3607,18163,10884,24536
2020-06-06,,,2,0,3,145,107,180,147,50,259,2294,808,3615,18311,10934,24795
2020-06-07,,,2,0,3,147,108,182,147,50,264,2275,797,3630,18458,10985,25058
2020-06-08,,,2,0,3,149,109,185,146,49,266,2257,786,3651,18604,11034,25323
2020-06-09,,,2,0,3,151,110,188,145,47,267,2241,775,3677,18748,11082,25590
2020-06-10,,,2,0,3,152,110,190,143,46,270,2227,764,3708,18891,11128,25859
2020-06-11,,,2,0,3,154,111,193,142,44,273,2214,753,3746,19034,11172,26132
2020-06-12,,,2,0,3,156,112,195,142,43,276,2203,742,3791,19175,11215,26407
2020-06-13,,,2,0,3,157,112,198,140,41,279,2193,731,3842,19316,11257,26686
2020-06-14,,,2,0,3,159,113,200,139,39,281,2185,719,3899,19455,11297,26966
2020-06-15,,,2,0,3,161,113,203,138,38,283,2178,708,3961,19592,11335,27248
2020-06-16,,,2,0,3,162,114,205,136,36,285,2160,691,3991,19729,11372,27533
2020-06-17,,,2,0,3,164,115,208,135,35,287,2143,675,4028,19863,11408,27819
2020-06-18,,,2,0,3,166,115,210,133,34,289,2127,659,4069,19997,11443,28107
2020-06-19,,,2,0,3,167,116,212,132,33,290,2112,642,4112,20129,11476,28397
2020-06-20,,,2,0,3,169,116,215,130,32,292,2095,625,4152,20259,11509,28688
2020-06-21,,,2,0,3,170,117,217,128,31,293,2076,606,4186,20387,11541,28981
2020-06-22,,,2,0,3,172,117,219,127,30,294,2056,587,4217,20514,11572,29275
2020-06-23,,,1,0,3,173,118,222,125,29,295,2035,567,4247,20639,11601,29570
2020-06-24,,,1,0,3,175,118,224,123,28,296,2013,548,4276,20761,11630,29866
2020-06-25,,,1,0,3,176,119,227,121,27,297,1991,530,4304,20883,11658,30163
2020-06-26,,,1,0,3,178,119,229,119,26,298,1968,511,4329,21002,11684,30460
2020-06-27,,,1,0,3,179,120,232,117,25,298,1943,494,4351,21119,11710,30758
2020-06-28,,,1,0,3,180,120,234,115,24,299,1918,477,4371,21233,11734,31056
2020-06-29,,,1,0,3,182,121,237,113,23,300,1892,461,4390,21347,11758,31355
2020-06-30,,,1,0,3,183,121,239,112,22,301,1866,445,4408,21458,11780,31655
2020-07-01,,,1,0,3,185,122,242,110,21,301,1840,430,4424,21568,11802,31956
2020-07-02,,,1,0,3,186,122,245,108,20,302,1813,414,4439,21677,11822,32257
2020-07-03,,,1,0,3,188,123,248,107,18,302,1787,398,4453,21784,11841,32559
2020-07-04,,,1,0,3,189,123,250,105,17,303,1760,382,4465,21889,11858,32862
2020-07-05,,,1,0,3,191,124,253,104,17,304,1734,366,4477,21993,11876,33165
2020-07-06,,,1,0,3,192,124,256,102,16,304,1708,351,4489,22095,11892,33469
2020-07-07,,,1,0,3,193,124,259,101,15,305,1682,336,4499,22196,11908,33774
2020-07-08,,,1,0,3,195,125,262,100,15,306,1657,321,4510,22296,11923,34079
2020-07-09,,,1,0,3,196,125,264,98,14,306,1632,307,4519,22394,11938,34385
2020-07-10,,,1,0,3,197,125,267,97,13,307,1608,293,4529,22491,11952,34691
2020-07-11,,,1,0,3,199,126,270,96,13,308,1585,280,4539,22587,11965,34998
2020-07-12,,,1,0,3,200,126,273,95,12,308,1563,267,4549,22681,11977,35306
2020-07-13,,,1,0,3,201,126,276,94,11,309,1541,254,4559,22775,11989,35615
2020-07-14,,,1,0,3,202,127,279,92,10,310,1521,241,4569,22867,12000,35924
2020-07-15,,,1,0,3,204,127,282,91,10,310,1500,229,4578,22959,12010,36233
2020-07-16,,,1,0,3,205,127,285,90,9,311,1480,217,4588,23049,12020,36544
2020-07-17,,,1,0,3,206,128,288,89,9,311,1461,206,4598,23138,12029,36854
2020-07-18,,,1,0,3,207,128,291,88,8,312,1443,196,4607,23226,12038,37166
2020-07-19,,,1,0,3,209,128,294,87,8,313,1425,187,4617,23314,12046,37478
2020-07-20,,,1,0,3,210,128,297,86,7,313,1407,177,4626,23400,12053,37791
2020-07-21,,,1,0,3,211,129,300,85,7,314,1390,168,4635,23485,12061,38104
2020-07-22,,,1,0,3,212,129,303,85,6,314,1374,159,4645,23570,12068,38418
2020-07-23,,,1,0,4,213,129,306,84,6,315,1358,150,4654,23654,12074,38732
2020-07-24,,,1,0,4,214,129,309,83,6,316,1343,142,4663,23737,12080,39047
2020-07-25,,,1,0,4,215,129,312,82,5,316,1328,134,4672,23819,12086,39363
2020-07-26,,,1,0,4,216,130,315,81,5,317,1313,126,4681,23900,12092,39679
2020-07-27,,,1,0,4,217,130,318,80,5,317,1299,119,4690,23980,12097,39996
2020-07-28,,,1,0,4,218,130,321,80,4,318,1285,113,4699,24060,12102,40313
2020-07-29,,,1,0,4,219,130,324,79,4,318,1272,106,4708,24139,12106,40631
2020-07-30,,,1,0,4,220,130,327,78,4,319,1259,100,4717,24217,12111,40950
2020-07-31,,,1,0,4,221,130,330,78,4,319,1246,95,4726,24295,12115,41269
2020-08-01,,,1,0,4,222,131,333,77,3,320,1234,89,4734,24372,12119,41588
2020-08-02,,,1,0,4,223,131,336,76,3,321,1222,84,4743,24448,12122,41908
2020-08-03,,,1,0,4,224,131,339,76,3,321,1210,80,4751,24524,12126,42229
2020-08-04,,,1,0,4,225,131,342,75,3,322,1199,75,4760,24599,12129,42550
