date,actual_deaths,total_deaths,predicted_deaths_mean,predicted_deaths_lower,predicted_deaths_upper,predicted_total_deaths_mean,predicted_total_deaths_lower,predicted_total_deaths_upper,predicted_new_infected_mean,predicted_new_infected_lower,predicted_new_infected_upper,predicted_current_infected_mean,predicted_current_infected_lower,predicted_current_infected_upper,predicted_total_infected_mean,predicted_total_infected_lower,predicted_total_infected_upper
2020-02-16,,,,,,,,,304,200,400,304,200,400,304,200,400
2020-02-17,,,,,,,,,304,200,400,607,400,800,607,400,800
2020-02-18,,,,,,,,,304,200,400,911,600,1200,911,600,1200
2020-02-19,,,,,,,,,304,200,400,1215,800,1600,1215,800,1600
2020-02-20,,,,,,,,,304,200,400,1519,1000,2000,1519,1000,2000
2020-02-21,,,,,,,,,304,200,400,1822,1200,2400,1822,1200,2400
2020-02-22,,,,,,,,,304,200,400,2126,1400,2800,2126,1400,2800
2020-02-23,,,,,,,,,304,200,400,2430,1600,3200,2430,1600,3200
2020-02-24,,,,,,,,,304,200,400,2734,1800,3600,2734,1800,3600
2020-02-25,,,,,,,,,780,519,1040,3514,2319,4640,3514,2319,4640
2020-02-26,,,,,,,,,777,517,1037,4291,2837,5677,4291,2837,5677
2020-02-27,,,,,,,,,812,541,1085,5104,3378,6761,5104,3378,6761
2020-02-28,,,,,,,,,885,590,1183,5989,3969,7944,5989,3969,7944
2020-02-29,,,,,,,,,1035,692,1388,7024,4661,9332,7024,4661,9332
2020-03-01,,,,,,,,,1269,850,1706,8292,5512,11037,8292,5512,11037
2020-03-02,,,,,,,,,1449,972,1953,9438,6284,12589,9742,6484,12989
2020-03-03,,,,,,,,,1602,1076,2163,10736,7161,14352,11344,7561,15152
2020-03-04,,,,,,,,,1780,1196,2408,12212,8157,16359,13123,8757,17559
2020-03-05,,,,,,,,,1990,1339,2698,13899,9297,18657,15114,10097,20257
2020-03-06,,,,,,,,,2253,1517,3062,15848,10614,21319,17367,11614,23319
2020-03-07,,,,,,,,,2528,1704,3446,18072,12118,24364,19895,13318,26764
2020-03-08,,,,,,,,,2807,1894,3837,20576,13813,27800,22702,15213,30600
2020-03-09,,,,,,,,,3104,2096,4253,23376,15709,31652,25806,17309,34852
2020-03-10,,,,,,,,,3429,2318,4716,26501,17827,35967,29235,19627,39567
2020-03-11,1,1,,,,,,,3788,2558,5229,29509,19866,40155,33023,22186,44795
2020-03-12,0,1,,,,,,,4172,2809,5781,32903,22158,44899,37195,24996,50575
2020-03-13,0,1,,,,,,,4569,3084,6400,36660,24701,50214,41764,28080,56974
2020-03-14,1,2,,,,,,,4977,3371,7088,40752,27482,56118,46740,31451,64062
2020-03-15,1,3,,,,,,,5393,3669,7792,45110,30459,62522,52134,35121,71853
2020-03-16,3,6,,,,,,,5814,3955,8443,49656,33565,69259,57948,39077,80296
2020-03-17,1,7,,,,,,,6229,4269,9042,54435,36861,76349,64177,43346,89338
2020-03-18,3,10,,,,,,,6626,4582,9560,59459,40367,83746,70803,47928,98897
2020-03-19,1,11,,,,,,,6995,4849,10002,64674,44020,91340,77798,52778,108898
2020-03-20,5,16,,,,,,,7332,5106,10441,70016,47787,99083,85129,57884,119339
2020-03-21,4,20,,,,,,,7632,5378,10728,75394,51648,106748,92761,63263,130066
2020-03-22,1,21,,,,,,,7893,5611,10929,80759,55555,114232,100653,68874,140995
2020-03-23,4,25,,,,,,,8112,5825,11253,86063,59487,121648,108765,74700,152248
2020-03-24,11,36,,,,,,,8290,6027,11353,91249,63418,128749,117055,80727,163600
2020-03-25,26,62,,,,,,,8429,6193,11350,96249,67292,135383,125484,86920,174950
2020-03-26,15,77,,,,,,,8532,6310,11426,100993,71044,141580,134016,93230,186375
2020-03-27,28,105,,,,,,,8605,6356,11369,105426,74591,147168,142620,99587,197743
2020-03-28,0,105,,,,,,,8651,6431,11383,109508,77938,152151,151271,106019,209125
2020-03-29,5,110,,,,,,,8675,6410,11341,113206,80977,156405,159946,112429,220466
2020-03-30,36,146,,,,,,,8682,6395,11295,116494,83704,159908,168628,118825,231760
2020-03-31,34,180,,,,,,,8674,6311,11218,119354,86059,162682,177302,125136,242977
2020-04-01,59,239,,,,,,,8655,6270,11174,121780,88060,164814,185957,131407,254151
2020-04-02,69,308,,,,,,,8627,6156,11173,123781,89635,166427,194584,137564,265324
2020-04-03,50,358,,,,,,,8591,6055,11314,125377,90841,167739,203174,143619,276637
2020-04-04,15,373,,,,,,,8549,5994,11396,126595,91729,168693,211724,149613,288032
2020-04-05,28,401,,,,,,,8503,5920,11467,127466,92270,169433,220227,155534,299499
2020-04-06,76,477,,,,,,,8453,5856,11503,128027,92515,170007,228680,161390,311001
2020-04-07,114,591,,,,,,,8400,5790,11558,128315,92481,170311,237080,167181,322558
2020-04-08,96,687,,,,,,,8345,5630,11671,128371,92084,170628,245426,172812,334228
2020-04-09,106,793,,,,,,,8288,5468,11834,128230,91360,171113,253714,178280,346062
2020-04-10,77,870,,,,,,,8230,5335,11952,127928,90385,171639,261944,183616,358014
2020-04-11,17,887,,,,,,,8171,5190,12124,127495,89220,172394,270115,188807,370137
2020-04-12,12,899,,,,,,,8111,5081,12340,126955,87869,173352,278226,193888,382476
2020-04-13,20,919,,,,,,,8051,4944,12534,126331,86402,174545,286277,198832,395010
2020-04-14,114,1033,,,,,,,7991,4811,12736,125640,84818,175986,294268,203644,407746
2020-04-15,170,1203,,,,,,,7930,4687,12849,124896,83195,177618,302198,208331,420595
2020-04-16,130,1333,,,,,,,7870,4552,13045,124111,81476,179488,310068,212884,433639
2020-04-17,67,1400,,,,,,,7810,4420,13235,123294,79740,181550,317878,217305,446874
2020-04-18,111,1511,,,,,,,7750,4293,13417,122453,77978,183654,325628,221598,460290
2020-04-19,29,1540,,,,,,,7691,4168,13641,121595,76153,185899,333319,225767,473931
2020-04-20,40,1580,,,,,,,7632,4048,13826,120724,74281,188258,340951,229815,487756
2020-04-21,185,1765,,,,,,,7574,3913,14055,119846,72337,190810,348526,233728,501811
2020-04-22,172,1937,,,,,,,7517,3819,14285,118962,70366,193538,356043,237547,516096
2020-04-23,84,2021,,,,,,,7460,3727,14487,118077,68463,196354,363503,241275,530582
2020-04-24,131,2152,,,,,,,7404,3633,14696,117193,66627,199216,370907,244908,545277
2020-04-25,40,2192,,,,,,,7349,3529,14858,116312,64820,202121,378256,248437,560134
2020-04-26,2,2194,,,,,,,7294,3433,15091,115436,63064,205088,385551,251871,575225
2020-04-27,80,2274,,,,,,,7241,3335,15318,114565,61319,208066,392791,255207,590542
2020-04-28,81,2355,,,,,,,7188,3259,15518,113702,59634,211050,399979,258466,606060
2020-04-29,107,2462,,,,,,,7135,3172,15766,112846,57995,214080,407114,261639,621825
2020-04-30,124,2586,,,,,,,7084,3090,16009,112000,56398,217239,414198,264730,637833
2020-05-01,67,2653,,,,,,,7033,2997,16249,111163,54843,220443,421231,267727,654082
2020-05-02,16,2669,,,,,,,6983,2916,16489,110336,53339,223698,428213,270644,670571
2020-05-03,10,2679,,,,,,,6933,2837,16686,109519,51883,226966,435147,273481,687256
2020-05-04,,,81,50,124,2760,2729,2803,6885,2755,16891,108713,50469,230216,442032,276236,704146
2020-05-05,,,81,49,126,2841,2779,2928,6837,2674,17136,107917,49095,233525,448868,278911,721281
2020-05-06,,,80,48,127,2921,2827,3055,6790,2605,17380,107132,47787,236850,455658,281516,738660
2020-05-07,,,79,46,129,3000,2874,3183,6743,2528,17623,106358,46496,240187,462401,284044,756283
2020-05-08,,,79,45,131,3079,2920,3314,6697,2455,17858,105595,45225,243558,469098,286500,774140
2020-05-09,,,78,44,133,3157,2964,3446,6651,2388,18069,104842,43980,246931,475749,288888,792208
2020-05-10,,,78,43,135,3234,3007,3580,6606,2317,18311,104099,42768,250385,482355,291206,810519
2020-05-11,,,77,41,137,3311,3049,3717,6562,2250,18519,103367,41585,253813,488917,293457,829037
2020-05-12,,,76,40,139,3387,3090,3855,6518,2185,18755,102644,40435,257250,495435,295643,847792
2020-05-13,,,76,39,141,3463,3129,3996,6475,2122,18989,101932,39299,260721,501910,297765,866780
2020-05-14,,,75,38,143,3538,3167,4138,6432,2061,19221,101228,38187,264175,508342,299827,886000
2020-05-15,,,75,37,145,3613,3204,4283,6389,2001,19450,100534,37099,267617,514732,301829,905450
2020-05-16,,,74,36,147,3687,3241,4430,6347,1944,19678,99848,36045,271046,521079,303773,925127
2020-05-17,,,74,35,149,3761,3276,4579,6306,1887,19901,99171,35016,274457,527385,305661,945028
2020-05-18,,,73,34,151,3834,3311,4730,6264,1833,20112,98502,34012,277884,533649,307494,965139
2020-05-19,,,72,33,154,3906,3344,4883,6223,1780,20320,97841,33037,281314,539872,309274,985459
2020-05-20,,,72,32,156,3978,3377,5038,6183,1728,20523,97186,32092,284701,546055,311003,1005982
2020-05-21,,,71,31,158,4049,3409,5196,6142,1678,20723,96539,31165,288044,552197,312682,1026704
2020-05-22,,,71,30,161,4120,3439,5356,6102,1629,20918,95898,30267,291340,558299,314312,1047622
2020-05-23,,,70,30,163,4190,3470,5518,6062,1582,21111,95263,29394,294593,564361,315894,1068732
2020-05-24,,,70,29,165,4260,3499,5683,6022,1536,21300,94634,28543,297824,570383,317431,1090032
2020-05-25,,,69,28,167,4330,3527,5850,5982,1491,21484,94010,27716,300997,576365,318923,1111515
2020-05-26,,,69,27,169,4399,3555,6019,5943,1446,21665,93391,26912,304144,582308,320369,1133180
2020-05-27,,,68,26,172,4467,3582,6190,5904,1404,21842,92776,26131,307231,588212,321774,1155022
2020-05-28,,,68,26,174,4535,3608,6364,5864,1364,22014,92165,25372,310256,594076,323138,1177035
2020-05-29,,,67,25,177,4602,3633,6540,5825,1324,22182,91559,24635,313217,599901,324463,1199217
2020-05-30,,,67,24,179,4669,3658,6719,5786,1286,22345,90955,23919,316112,605687,325749,1221561
2020-05-31,,,67,23,181,4736,3682,6899,5747,1248,22503,90354,23224,318937,611433,326997,1244064
2020-06-01,,,66,23,184,4802,3705,7082,5707,1211,22656,89756,22548,321692,617140,328209,1266719
2020-06-02,,,66,22,186,4868,3728,7267,5668,1176,22804,89160,21891,324384,622809,329385,1289523
2020-06-03,,,65,21,188,4933,3749,7455,5629,1140,22946,88565,21251,327010,628437,330526,1312469
2020-06-04,,,65,21,190,4997,3771,7645,5590,1107,23083,87972,20630,329570,634027,331633,1335552
2020-06-05,,,64,20,193,5062,3791,7837,5550,1074,23215,87380,20025,332062,639577,332707,1358766
2020-06-06,,,64,20,195,5126,3812,8031,5511,1041,23340,86789,19437,334484,645088,333749,1382105
2020-06-07,,,63,19,197,5189,3831,8228,5471,1010,23464,86198,18865,336837,650559,334760,1405569
2020-06-08,,,63,18,199,5252,3850,8427,5431,979,23592,85607,18308,339129,655990,335739,1429160
2020-06-09,,,63,18,202,5315,3868,8628,5391,949,23713,85016,17766,341357,661381,336689,1452872
2020-06-10,,,62,17,204,5377,3886,8831,5351,920,23828,84425,17240,343520,666733,337610,1476700
2020-06-11,,,62,17,206,5439,3903,9036,5311,892,23936,83832,16727,345614,672044,338502,1500635
2020-06-12,,,61,16,208,5500,3920,9243,5271,864,24037,83239,16227,347637,677315,339366,1524672
2020-06-13,,,61,16,210,5561,3937,9452,5230,836,24132,82644,15740,349587,682545,340203,1548804
2020-06-14,,,61,15,211,5622,3953,9663,5189,810,24219,82047,15263,351462,687734,341013,1573022
2020-06-15,,,60,15,213,5682,3968,9876,5148,783,24299,81449,14799,353258,692882,341797,1597321
2020-06-16,,,60,14,215,5742,3983,10091,5107,757,24367,80848,14344,354969,697989,342554,1621688
2020-06-17,,,59,14,217,5802,3997,10307,5065,732,24424,80245,13900,356589,703054,343286,1646111
2020-06-18,,,59,14,219,5861,4012,10526,5023,707,24475,79639,13466,358118,708077,343993,1670586
2020-06-19,,,59,13,220,5919,4025,10746,4981,683,24518,79031,13043,359553,713057,344676,1695104
2020-06-20,,,58,13,222,5977,4038,10967,4938,659,24552,78418,12629,360890,717995,345336,1719655
2020-06-21,,,58,12,224,6035,4051,11191,4895,636,24575,77802,12223,362125,722890,345973,1744230
2020-06-22,,,57,12,225,6093,4064,11416,4851,614,24597,77182,11827,363258,727741,346587,1768826
2020-06-23,,,57,12,227,6150,4076,11642,4806,591,24604,76557,11439,364270,732547,347179,1793429
2020-06-24,,,57,11,228,6207,4088,11870,4760,570,24587,75926,11059,365144,737307,347749,1818016
2020-06-25,,,56,11,230,6263,4099,12099,4715,550,24546,75290,10689,365862,742022,348299,1842562
2020-06-26,,,56,11,231,6319,4110,12330,4668,531,24460,74646,10328,366386,746690,348830,1867021
2020-06-27,,,55,10,232,6374,4121,12562,4617,512,24327,73993,9976,366676,751308,349343,1891348
2020-06-28,,,55,10,234,6429,4132,12795,4563,493,24154,73326,9634,366698,755870,349837,1915501
2020-06-29,,,55,10,235,6484,4142,13029,4503,476,23909,72639,9300,366387,760373,350313,1939409
2020-06-30,,,54,9,236,6538,4151,13265,4439,459,23589,71930,8975,365677,764812,350772,1962998
2020-07-01,,,54,9,237,6592,4161,13502,4370,443,23208,71194,8661,364518,769182,351216,1986205
2020-07-02,,,54,9,239,6646,4170,13740,4299,427,22783,70428,8357,362877,773482,351643,2008988
2020-07-03,,,53,8,240,6699,4179,13979,4228,412,22341,69633,8062,360743,777709,352055,2031329
2020-07-04,,,53,8,241,6752,4188,14219,4156,397,21897,68808,7776,358122,781865,352453,2053225
2020-07-05,,,52,8,242,6804,4196,14460,4085,383,21444,67955,7499,355014,785950,352836,2074669
2020-07-06,,,52,8,242,6856,4204,14702,4014,369,20988,67074,7232,351427,789965,353206,2095657
2020-07-07,,,51,7,243,6907,4212,14945,3944,356,20532,66168,6975,347363,793909,353562,2116189
2020-07-08,,,51,7,244,6958,4220,15189,3875,343,20079,65236,6727,342838,797783,353906,2136267
2020-07-09,,,51,7,244,7009,4227,15433,3806,331,19635,64282,6488,337885,801589,354238,2155901
2020-07-10,,,50,7,245,7059,4234,15677,3738,319,19204,63305,6257,332543,805328,354557,2175104
2020-07-11,,,50,6,245,7109,4241,15922,3672,308,18766,62309,6035,326850,808999,354866,2193870
2020-07-12,,,49,6,246,7158,4248,16167,3606,297,18326,61297,5820,320848,812605,355163,2212195
2020-07-13,,,49,6,246,7207,4254,16412,3541,286,17885,60276,5612,314580,816146,355450,2230080
2020-07-14,,,48,6,246,7256,4260,16658,3477,276,17456,59250,5413,308128,819623,355726,2247536
2020-07-15,,,48,5,246,7304,4266,16903,3414,266,17034,58225,5220,301573,823037,355993,2264570
2020-07-16,,,48,5,246,7351,4272,17148,3352,257,16616,57206,5034,294981,826388,356250,2281186
2020-07-17,,,47,5,245,7398,4277,17393,3290,247,16222,56197,4854,288420,829679,356498,2297407
2020-07-18,,,47,5,244,7445,4283,17636,3230,239,15823,55200,4681,281902,832909,356737,2313230
2020-07-19,,,46,5,242,7491,4288,17877,3171,230,15434,54215,4514,275438,836080,356967,2328663
2020-07-20,,,45,4,240,7537,4293,18117,3112,222,15062,53242,4353,269057,839192,357190,2343725
2020-07-21,,,45,4,238,7581,4298,18354,3055,214,14704,52282,4198,262773,842247,357404,2358429
2020-07-22,,,44,4,235,7626,4302,18588,2998,206,14339,51336,4048,256579,845245,357611,2372767
2020-07-23,,,44,4,231,7669,4307,18819,2942,199,13976,50404,3903,250476,848187,357810,2386743
2020-07-24,,,43,4,228,7712,4311,19046,2888,192,13613,49486,3764,244455,851075,358002,2400355
2020-07-25,,,42,4,223,7755,4315,19269,2834,185,13257,48581,3630,238508,853908,358187,2413612
2020-07-26,,,42,3,219,7796,4319,19488,2780,178,12909,47690,3500,232651,856689,358366,2426521
2020-07-27,,,41,3,215,7837,4323,19702,2728,172,12570,46812,3375,226896,859417,358538,2439091
2020-07-28,,,40,3,210,7877,4327,19912,2677,165,12239,45948,3254,221249,862094,358704,2451329
2020-07-29,,,39,3,206,7917,4330,20118,2627,160,11917,45098,3138,215710,864721,358864,2463245
2020-07-30,,,39,3,201,7955,4334,20318,2577,154,11613,44261,3025,210288,867298,359019,2474857
2020-07-31,,,38,3,197,7993,4337,20515,2528,148,11317,43437,2917,204988,869826,359167,2486173
2020-08-01,,,37,3,193,8031,4340,20707,2480,143,11028,42627,2812,199794,872306,359311,2497201
2020-08-02,,,37,3,188,8068,4343,20895,2433,138,10745,41830,2711,194716,874739,359449,2507945
2020-08-03,,,36,2,184,8104,4346,21078,2387,133,10468,41046,2614,189750,877126,359582,2518412
2020-08-04,,,35,2,180,8139,4349,21257,2341,128,10194,40275,2520,184882,879467,359710,2528606
