date,actual_deaths,total_deaths,predicted_deaths_mean,predicted_deaths_lower,predicted_deaths_upper,predicted_total_deaths_mean,predicted_total_deaths_lower,predicted_total_deaths_upper,predicted_new_infected_mean,predicted_new_infected_lower,predicted_new_infected_upper,predicted_current_infected_mean,predicted_current_infected_lower,predicted_current_infected_upper,predicted_total_infected_mean,predicted_total_infected_lower,predicted_total_infected_upper,r_values_mean
2020-02-11,,,,,,,,,376,100,500,376,100,500,376,100,500,2.42235759541
2020-02-12,,,,,,,,,376,100,500,751,200,1000,751,200,1000,2.42194376101
2020-02-13,,,,,,,,,376,100,500,1127,300,1500,1127,300,1500,2.42179855284
2020-02-14,,,,,,,,,376,100,500,1502,400,2000,1502,400,2000,2.42160229151
2020-02-15,,,,,,,,,376,100,500,1878,500,2500,1878,500,2500,2.42133697303
2020-02-16,,,,,,,,,376,100,500,2254,600,3000,2254,600,3000,2.42097821838
2020-02-17,,,,,,,,,376,100,500,2629,700,3500,2629,700,3500,2.42049300687
2020-02-18,,,,,,,,,376,100,500,3005,800,4000,3005,800,4000,2.41983660338
2020-02-19,,,,,,,,,376,100,500,3380,900,4500,3380,900,4500,2.41894839705
2020-02-20,,,,,,,,,1258,379,1886,4638,1279,6386,4638,1279,6386,2.41774627565
2020-02-21,,,,,,,,,1254,379,1877,5892,1659,8262,5892,1659,8262,2.41611904196
2020-02-22,,,,,,,,,1355,417,2056,7247,2076,10318,7247,2076,10318,2.41391623426
2020-02-23,,,,,,,,,1560,494,2419,8807,2571,12736,8807,2571,12736,2.41093454668
2020-02-24,,,,,,,,,1986,656,3170,10793,3227,15906,10793,3227,15906,2.40689987419
2020-02-25,,,,,,,,,2653,911,4339,13446,4139,20244,13446,4139,20244,2.40144387336
2020-02-26,,,,,,,,,3205,1132,5290,16275,5171,25033,16651,5271,25533,2.39407393762
2020-02-27,,,,,,,,,3746,1365,6217,19646,6436,30750,20397,6636,31750,2.38413587907
2020-02-28,,,,,,,,,4443,1682,7399,23714,8018,37649,24840,8318,39149,2.3707699698
2020-02-29,,,,,,,,,5332,2106,8861,28670,10025,46009,30172,10425,48009,2.35286463935
2020-03-01,,,,,,,,,6456,2668,10673,34751,12593,56181,36629,13093,58681,2.32902054035
2020-03-02,,,,,,,,,7672,3325,12524,42047,15819,68205,44301,16419,71205,2.29755372691
2020-03-03,,,,,,,,,8963,4102,14485,50634,19821,82189,53264,20521,85689,2.25658762196
2020-03-04,,,,,,,,,10377,5061,16937,60636,24782,98626,63641,25582,102626,2.20428771471
2020-03-05,,,,,,,,,11920,6255,18811,72181,30938,116937,75562,31838,121437,2.1392395205
2020-03-06,1,1,,,,,,,13551,7608,20826,84474,38166,135877,89112,39446,142262,2.06085721989
2020-03-07,0,1,,,,,,,15158,8787,22439,98379,46574,156439,104270,48234,164701,1.96964569395
2020-03-08,2,3,,,,,,,16656,10127,23724,113680,56284,178107,120926,58361,188424,1.86723095565
2020-03-09,0,3,,,,,,,18000,11575,24738,130119,67364,200426,138926,69936,213162,1.7562309858
2020-03-10,1,4,,,,,,,19151,12860,25584,147284,79568,222841,158076,82796,238746,1.64007877968
2020-03-11,1,5,,,,,,,20069,14092,26596,164699,92749,245098,178145,96888,265341,1.52282427356
2020-03-12,0,5,,,,,,,20716,14804,27139,182210,106421,266947,198861,111692,292480,1.40885892717
2020-03-13,5,10,,,,,,,21082,15211,28106,199546,120267,288836,219943,126904,320585,1.30249967403
2020-03-14,2,12,,,,,,,21194,15304,28086,216297,133890,309522,241138,142209,348671,1.20743721307
2020-03-15,8,20,,,,,,,21101,15221,28035,232066,147004,328697,262238,157430,376705,1.12616812358
2020-03-16,4,24,,,,,,,20854,15070,27910,246464,159407,345934,283093,172501,404615,1.05962347527
2020-03-17,19,43,,,,,,,20498,14762,27494,259290,170845,360904,303591,187264,432108,1.00718638791
2020-03-18,15,58,,,,,,,20066,14539,26951,270393,181282,373370,323657,201803,459059,0.967113413788
2020-03-19,19,77,,,,,,,19580,14275,25821,279596,190496,382253,343237,216079,484879,0.93714718977
2020-03-20,30,107,,,,,,,19060,13983,25142,286735,198224,388584,362297,230062,510020,0.915041089787
2020-03-21,30,137,,,,,,,18522,13728,24128,291706,204344,391886,380819,243790,534148,0.898854311699
2020-03-22,43,180,,,,,,,17976,13485,23197,294524,209042,392644,398795,257276,557344,0.887042212633
2020-03-23,34,214,,,,,,,17430,13229,22520,295299,212144,391440,416225,270505,579863,0.878431326522
2020-03-24,63,277,,,,,,,16890,12882,21771,294189,213451,388473,433115,283388,601634,0.872152312996
2020-03-25,80,357,,,,,,,16358,12478,20874,291396,213070,383763,449473,295867,622508,0.867569307181
2020-03-26,78,435,,,,,,,15837,12121,19990,287165,211099,377157,465310,307988,642498,0.864219945702
2020-03-27,112,547,,,,,,,15329,11851,19298,281778,208146,369316,480639,319839,661795,0.861768755158
2020-03-28,93,640,,,,,,,14835,11518,18788,275531,204453,359999,495475,331358,680583,0.859972376331
2020-03-29,132,772,,,,,,,14356,11227,18277,268693,200375,350190,509830,342585,698860,0.858654120995
2020-03-30,93,865,,,,,,,13891,10830,17710,261483,195984,339864,523722,353415,716569,0.857685527324
2020-03-31,175,1040,,,,,,,13441,10489,17064,254070,191403,329018,537163,363904,733632,0.856973041624
2020-04-01,135,1175,,,,,,,13006,10105,16512,246577,186746,318036,550168,374010,750143,0.856448412869
2020-04-02,166,1341,,,,,,,12584,9675,16042,239096,181882,307126,562753,383686,766185,0.856061762373
2020-04-03,149,1490,,,,,,,12177,9264,15459,231693,176871,296765,574930,392951,781643,0.855776577238
2020-04-04,166,1656,,,,,,,11784,8870,15239,224417,171758,286862,586714,401821,796882,0.85556608712
2020-04-05,115,1771,,,,,,,11404,8494,15016,217299,166525,277750,598118,410316,811898,0.855410636739
2020-04-06,103,1874,,,,,,,11037,8141,14621,210361,161181,269175,609155,418457,826518,0.855295776379
2020-04-07,234,2108,,,,,,,10683,7746,14242,203613,155698,260897,619838,426204,840760,0.855210871189
2020-04-08,147,2255,,,,,,,10340,7440,13887,197064,150256,253012,630178,433644,854646,0.855148086251
2020-04-09,148,2403,,,,,,,10010,7047,13592,190715,144824,245731,640188,440691,868238,0.855100195931
2020-04-10,117,2520,,,,,,,9691,6733,13346,184569,139436,239087,649879,447425,881584,0.855060317523
2020-04-11,133,2653,,,,,,,9383,6433,13044,178622,134019,232833,659262,453858,894627,0.855027352702
2020-04-12,94,2747,,,,,,,9085,6138,12716,172872,128639,226760,668347,459997,907343,0.855000640742
2020-04-13,86,2833,,,,,,,8798,5823,12461,167314,123236,220944,677144,465821,919803,0.854981252592
2020-04-14,122,2955,,,,,,,8520,5526,12182,161943,117932,215416,685665,471347,931984,0.854969689359
2020-04-15,190,3145,,,,,,,8252,5272,11945,156754,112715,210298,693917,476620,943929,0.854969865543
2020-04-16,182,3327,,,,,,,7994,5029,11755,151743,107639,205541,701911,481650,955684,0.854970128378
2020-04-17,144,3471,,,,,,,7744,4812,11575,146902,102776,201074,709655,486463,967258,0.854970520477
2020-04-18,142,3613,,,,,,,7503,4523,11404,142228,98035,197020,717158,490986,978662,0.854971105415
2020-04-19,84,3697,,,,,,,7270,4250,11237,137713,93414,193017,724427,495236,989898,0.854971978025
2020-04-20,67,3764,,,,,,,7045,4058,11084,133354,88978,189084,731472,499295,1000981,0.854973279774
2020-04-21,165,3929,,,,,,,6827,3889,10918,129144,84726,185381,738299,503184,1011899,0.854975221682
2020-04-22,139,4068,,,,,,,6617,3657,10743,125078,80637,181882,744916,506842,1022642,0.854978118507
2020-04-23,124,4192,,,,,,,6414,3449,10570,121152,76647,178565,751330,510291,1033211,0.854982439704
2020-04-24,112,4304,,,,,,,6218,3253,10398,117360,72853,175371,757548,513545,1043608,0.854988885374
2020-04-25,120,4424,,,,,,,6028,3070,10228,113698,69190,172252,763577,516615,1053836,0.854998499407
2020-04-26,67,4491,,,,,,,5845,2910,10059,110160,65667,169267,769422,519526,1063894,0.85501283791
2020-04-27,43,4534,,,,,,,5668,2768,9892,106743,62296,166444,775090,522294,1073786,0.855034219655
2020-04-28,48,4582,,,,,,,5497,2641,9727,103443,59114,163710,780587,524935,1083513,0.855066097928
2020-04-29,145,4727,,,,,,,5332,2520,9564,100254,56108,161092,785919,527456,1093076,0.855113611282
2020-04-30,84,4811,,,,,,,5172,2407,9402,97174,53243,158549,791091,529863,1102478,0.855184396365
2020-05-01,98,4909,,,,,,,5018,2286,9242,94198,50499,156036,796109,532149,1111720,0.855289781061
2020-05-02,94,5003,,,,,,,4869,2172,9088,91322,47859,153550,800977,534322,1120807,0.855446521581
2020-05-03,69,5072,,,,,,,4725,2065,8943,88545,45401,151089,805702,536387,1129750,0.855679299922
2020-05-04,26,5098,,,,,,,4587,1967,8806,85862,43118,148659,810289,538355,1138556,0.856024245099
2020-05-05,87,5185,,,,,,,4454,1873,8666,83271,40933,146241,814743,540228,1147222,0.856533746007
2020-05-06,36,5221,,,,,,,4326,1791,8528,80770,38835,143851,819069,542020,1155749,0.857282699678
2020-05-07,85,5306,,,,,,,4205,1718,8395,78357,36896,141502,823273,543739,1164143,0.85837590981
2020-05-08,71,5377,,,,,,,4089,1646,8266,76032,35093,139198,827363,545385,1172409,0.859955306148
2020-05-09,64,5441,,,,,,,3981,1570,8123,73795,33410,136923,831344,546955,1180531,0.862203573583
2020-05-10,18,5459,,,,,,,3881,1506,8029,71648,31846,134725,835224,548462,1188560,0.865337431184
2020-05-11,16,5475,,,,,,,3789,1441,7944,69591,30377,132609,839013,549904,1196503,0.869580132279
2020-05-12,54,5529,,,,,,,3706,1387,7852,67629,28996,130569,842719,551291,1204354,0.875102715142
2020-05-13,52,5581,,,,,,,3633,1332,7793,65765,27688,128635,846352,552624,1212147,0.88193490835
2020-05-14,28,5609,,,,,,,3569,1291,7708,64003,26459,126780,849921,553915,1219855,0.889874905773
2020-05-15,53,5662,,,,,,,3513,1250,7680,62344,25302,125058,853435,555166,1227535,0.89845861762
2020-05-16,27,5689,,,,,,,3455,1210,7626,60781,24226,123442,856890,556376,1235161,0.904933521501
2020-05-17,10,5699,,,,,,,3403,1164,7584,59316,23219,121937,860293,557541,1242744,0.911127595281
2020-05-18,14,5713,,,,,,,3357,1127,7549,57948,22280,120543,863650,558668,1250293,0.916806704329
2020-05-19,21,5734,,,,,,,3314,1097,7544,56675,21410,119280,866964,559766,1257836,0.921814520098
2020-05-20,33,5767,,,,,,,3274,1078,7546,55496,20616,118160,870238,560844,1265382,0.926080792374
2020-05-21,,,40,18,72,5807,5785,5839,3235,1046,7535,54405,19871,117168,873474,561891,1272916,
2020-05-22,,,39,18,71,5846,5804,5909,3198,1007,7524,53398,19160,116297,876671,562899,1280440,
2020-05-23,,,38,17,70,5883,5821,5979,3162,972,7515,52470,18486,115546,879833,563871,1287954,
2020-05-24,,,36,16,69,5920,5837,6047,3127,936,7519,51617,17852,114942,882960,564808,1295473,
2020-05-25,,,35,15,68,5955,5853,6114,3094,904,7523,50830,17250,114436,886054,565712,1302996,
2020-05-26,,,34,14,66,5990,5867,6180,3061,867,7527,50103,16676,114019,889116,566580,1310522,
2020-05-27,,,33,14,65,6023,5882,6245,3029,836,7529,49426,16125,113696,892145,567416,1318050,
2020-05-28,,,32,13,64,6056,5895,6309,2998,804,7529,48791,15597,113432,895143,568221,1325579,
2020-05-29,,,32,12,64,6087,5908,6372,2967,774,7529,48189,15079,113253,898110,568995,1333107,
2020-05-30,,,31,12,62,6118,5920,6434,2940,743,7533,47616,14572,113105,901050,569739,1340640,
2020-05-31,,,30,11,62,6148,5932,6495,2909,714,7527,47069,14076,113006,903959,570453,1348166,
2020-06-01,,,29,11,61,6177,5944,6555,2879,686,7521,46545,13599,112943,906838,571140,1355687,
2020-06-02,,,29,10,60,6206,5954,6615,2850,661,7514,46038,13133,112908,909688,571802,1363200,
2020-06-03,,,28,10,60,6233,5965,6674,2821,638,7506,45545,12674,112870,912509,572440,1370706,
2020-06-04,,,27,10,59,6261,5975,6733,2792,615,7493,45063,12210,112818,915301,573055,1378199,
2020-06-05,,,27,9,59,6288,5985,6791,2764,593,7465,44592,11757,112748,918065,573649,1385664,
2020-06-06,,,26,9,58,6314,5994,6849,2735,568,7435,44129,11318,112659,920800,574217,1393098,
2020-06-07,,,26,9,58,6340,6003,6906,2706,546,7404,43673,10892,112549,923507,574764,1400502,
2020-06-08,,,26,8,57,6366,6012,6963,2678,525,7373,43224,10481,112402,926184,575289,1407874,
2020-06-09,,,25,8,57,6391,6020,7020,2649,503,7340,42779,10080,112219,928833,575793,1415214,
2020-06-10,,,25,8,57,6416,6029,7077,2620,485,7307,42337,9698,112000,931453,576279,1422521,
2020-06-11,,,25,8,57,6440,6037,7133,2590,468,7273,41898,9330,111744,934043,576747,1429793,
2020-06-12,,,24,7,57,6465,6045,7190,2560,450,7237,41460,8976,111452,936603,577198,1437030,
2020-06-13,,,24,7,57,6489,6052,7246,2530,433,7201,41023,8636,111123,939133,577631,1444230,
2020-06-14,,,24,7,57,6512,6059,7303,2499,416,7164,40582,8309,110754,941633,578048,1451394,
2020-06-15,,,23,7,57,6536,6066,7359,2462,399,7108,40136,7994,110335,944095,578447,1458501,
2020-06-16,,,23,6,57,6559,6073,7415,2425,381,7052,39682,7689,109866,946520,578829,1465552,
2020-06-17,,,23,6,57,6582,6080,7472,2388,364,6994,39220,7392,109346,948908,579194,1472546,
2020-06-18,,,23,6,57,6605,6086,7528,2350,348,6934,38748,7102,108773,951257,579542,1479479,
2020-06-19,,,22,6,57,6627,6092,7585,2310,331,6858,38266,6818,108138,953568,579874,1486337,
2020-06-20,,,22,5,57,6649,6098,7641,2270,314,6804,37772,6540,107478,955837,580189,1493141,
2020-06-21,,,22,5,57,6671,6103,7698,2228,298,6746,37265,6269,106788,958065,580487,1499886,
2020-06-22,,,22,5,57,6693,6109,7754,2185,282,6686,36743,6005,106069,960250,580769,1506571,
2020-06-23,,,22,5,57,6715,6114,7810,2145,267,6596,36211,5747,105293,962395,581037,1513167,
2020-06-24,,,21,4,57,6736,6119,7867,2104,253,6524,35667,5497,104477,964499,581291,1519691,
2020-06-25,,,21,4,57,6757,6124,7923,2063,239,6456,35110,5251,103626,966563,581530,1526146,
2020-06-26,,,21,4,57,6778,6128,7979,2022,226,6378,34541,5009,102731,968584,581757,1532523,
2020-06-27,,,21,4,56,6799,6133,8035,1980,213,6294,33961,4772,101787,970564,581970,1538817,
2020-06-28,,,20,4,56,6819,6137,8091,1939,201,6208,33370,4539,100795,972503,582171,1545024,
2020-06-29,,,20,4,56,6839,6141,8146,1898,190,6120,32768,4313,99750,974400,582361,1551144,
2020-06-30,,,20,3,56,6859,6145,8201,1857,179,6029,32162,4093,98671,976257,582541,1557172,
2020-07-01,,,20,3,55,6879,6149,8256,1816,169,5945,31552,3881,97565,978073,582710,1563117,
2020-07-02,,,20,3,55,6899,6152,8311,1775,159,5861,30940,3675,96432,979847,582869,1568977,
2020-07-03,,,19,3,55,6918,6156,8365,1734,149,5768,30324,3476,95266,981581,583019,1574744,
2020-07-04,,,19,3,55,6937,6159,8420,1694,140,5671,29708,3285,94078,983275,583159,1580414,
2020-07-05,,,19,3,54,6956,6162,8474,1654,131,5571,29092,3101,92845,984929,583290,1585985,
2020-07-06,,,19,3,54,6975,6166,8527,1614,123,5472,28478,2926,91572,986543,583414,1591457,
2020-07-07,,,18,2,54,6993,6169,8580,1574,115,5366,27867,2760,90252,988117,583529,1596823,
2020-07-08,,,18,2,53,7012,6171,8633,1535,108,5261,27257,2600,88916,989652,583638,1602083,
2020-07-09,,,18,2,53,7029,6174,8685,1496,101,5158,26649,2448,87550,991148,583739,1607240,
2020-07-10,,,18,2,52,7047,6177,8737,1458,94,5057,26043,2303,86151,992606,583834,1612296,
2020-07-11,,,17,2,52,7064,6179,8788,1419,88,4950,25441,2166,84723,994025,583923,1617246,
2020-07-12,,,17,2,51,7081,6182,8839,1382,82,4841,24843,2035,83270,995407,584006,1622087,
2020-07-13,,,17,2,51,7098,6184,8890,1344,77,4732,24248,1912,81794,996751,584083,1626818,
2020-07-14,,,16,2,50,7114,6186,8940,1308,72,4622,23658,1794,80297,998059,584155,1631440,
2020-07-15,,,16,2,50,7130,6188,8989,1271,67,4522,23073,1681,78790,999330,584223,1635962,
2020-07-16,,,16,1,49,7146,6190,9038,1235,62,4429,22492,1575,77274,1000565,584286,1640390,
2020-07-17,,,15,1,49,7161,6192,9086,1200,58,4338,21917,1475,75750,1001765,584344,1644727,
2020-07-18,,,15,1,48,7176,6193,9134,1165,54,4243,21348,1380,74226,1002929,584399,1648970,
2020-07-19,,,15,1,48,7191,6195,9181,1130,50,4149,20785,1290,72704,1004060,584450,1653118,
2020-07-20,,,14,1,47,7206,6196,9227,1097,47,4053,20227,1206,71186,1005156,584497,1657171,
2020-07-21,,,14,1,46,7220,6198,9273,1063,43,3951,19677,1127,69666,1006220,584541,1661122,
2020-07-22,,,14,1,46,7234,6199,9318,1030,40,3844,19133,1052,68143,1007250,584581,1664965,
2020-07-23,,,14,1,45,7247,6200,9362,998,37,3744,18596,981,66627,1008248,584619,1668709,
2020-07-24,,,13,1,44,7261,6202,9406,967,35,3644,18067,915,65113,1009215,584654,1672352,
2020-07-25,,,13,1,44,7274,6203,9449,936,32,3539,17545,852,63595,1010151,584687,1675891,
2020-07-26,,,13,1,43,7286,6204,9492,905,30,3436,17031,794,62081,1011056,584717,1679326,
2020-07-27,,,12,0,42,7299,6205,9533,877,27,3351,16526,739,60590,1011933,584745,1682677,
2020-07-28,,,12,0,41,7311,6206,9574,850,25,3267,16032,687,59125,1012783,584771,1685943,
2020-07-29,,,12,0,41,7323,6207,9614,824,24,3179,15548,639,57682,1013607,584795,1689121,
2020-07-30,,,11,0,40,7334,6207,9654,798,22,3104,15075,594,56263,1014405,584817,1692224,
2020-07-31,,,11,0,39,7345,6208,9692,773,20,3030,14612,552,54864,1015177,584838,1695254,
2020-08-01,,,11,0,38,7356,6209,9730,748,19,2959,14161,512,53485,1015926,584857,1698212,
2020-08-02,,,11,0,37,7367,6210,9767,725,17,2886,13722,476,52128,1016651,584875,1701097,
2020-08-03,,,10,0,37,7377,6210,9803,703,16,2811,13294,441,50790,1017354,584892,1703908,
2020-08-04,,,10,0,36,7387,6211,9838,681,15,2740,12878,410,49477,1018035,584907,1706647,
