date,actual_deaths,total_deaths,predicted_deaths_mean,predicted_deaths_lower,predicted_deaths_upper,predicted_total_deaths_mean,predicted_total_deaths_lower,predicted_total_deaths_upper,predicted_new_infected_mean,predicted_new_infected_lower,predicted_new_infected_upper,predicted_current_infected_mean,predicted_current_infected_lower,predicted_current_infected_upper,predicted_total_infected_mean,predicted_total_infected_lower,predicted_total_infected_upper,r_values_mean
2020-02-13,,,,,,,,,127,50,250,127,50,250,127,50,250,1.7440555146
2020-02-14,,,,,,,,,127,50,250,255,100,500,255,100,500,1.7434506445
2020-02-15,,,,,,,,,127,50,250,382,150,750,382,150,750,1.7433168659
2020-02-16,,,,,,,,,127,50,250,510,200,1000,510,200,1000,1.7431535374
2020-02-17,,,,,,,,,127,50,250,637,250,1250,637,250,1250,1.74295415019
2020-02-18,,,,,,,,,127,50,250,765,300,1500,765,300,1500,1.74271077062
2020-02-19,,,,,,,,,127,50,250,892,350,1750,892,350,1750,1.74241373247
2020-02-20,,,,,,,,,127,50,250,1020,400,2000,1020,400,2000,1.74205126479
2020-02-21,,,,,,,,,127,50,250,1147,450,2250,1147,450,2250,1.74160904246
2020-02-22,,,,,,,,,329,139,600,1476,589,2850,1476,589,2850,1.74106964488
2020-02-23,,,,,,,,,328,139,598,1804,729,3448,1804,729,3448,1.74041190561
2020-02-24,,,,,,,,,342,146,619,2146,876,4067,2146,876,4067,1.73961013324
2020-02-25,,,,,,,,,373,162,666,2520,1038,4732,2520,1038,4732,1.73863318094
2020-02-26,,,,,,,,,438,194,762,2958,1233,5493,2958,1233,5493,1.73744333924
2020-02-27,,,,,,,,,538,245,912,3496,1478,6404,3496,1478,6404,1.73599502235
2020-02-28,,,,,,,,,616,284,1025,3985,1713,7179,4112,1763,7429,1.7342332143
2020-02-29,,,,,,,,,683,319,1116,4540,1983,8045,4795,2083,8545,1.73209163365
2020-03-01,,,,,,,,,761,362,1219,5174,2295,9013,5557,2445,9763,1.72949056547
2020-03-02,,,,,,,,,855,414,1337,5902,2659,10099,6412,2859,11099,1.72633429188
2020-03-03,,,,,,,,,973,479,1483,6747,3089,11332,7384,3339,12582,1.72250802631
2020-03-04,,,,,,,,,1097,549,1655,7716,3588,12737,8481,3888,14237,1.71787421926
2020-03-05,,,,,,,,,1225,623,1876,8814,4161,14362,9706,4511,16112,1.71226806205
2020-03-06,,,,,,,,,1363,704,2117,10049,4816,16228,11068,5216,18228,1.70549199895
2020-03-07,,,,,,,,,1516,797,2387,11437,5563,18365,12584,6013,20615,1.69730914726
2020-03-08,2,2,,,,,,,1689,903,2690,12797,6326,20455,14273,6916,23305,1.68743589547
2020-03-09,0,2,,,,,,,1877,1021,3014,14346,7208,22871,16150,7937,26318,1.67553490889
2020-03-10,0,2,,,,,,,2076,1150,3346,16080,8211,25597,18226,9087,29663,1.66121169508
2020-03-11,0,2,,,,,,,2288,1291,3637,17994,9340,28569,20514,10379,33300,1.64402082765
2020-03-12,0,2,,,,,,,2512,1447,3871,20068,10593,31678,23026,11826,37170,1.6234907426
2020-03-13,0,2,,,,,,,2747,1618,4097,22277,11967,34864,25773,13445,41267,1.59917541571
2020-03-14,1,3,,,,,,,2990,1805,4313,24651,13488,38152,28764,15251,45580,1.57073317523
2020-03-15,1,4,,,,,,,3235,2007,4702,27203,15175,41737,31998,17258,50281,1.53801864642
2020-03-16,1,5,,,,,,,3476,2220,4850,29917,17033,45369,35474,19479,55131,1.50116437557
2020-03-17,1,6,,,,,,,3708,2421,5051,32771,19041,49083,39183,21900,60181,1.46063328769
2020-03-18,1,7,,,,,,,3929,2571,5248,35727,21132,52848,43111,24471,65429,1.41723111564
2020-03-19,2,9,,,,,,,4132,2786,5488,38762,23370,56680,47243,27258,70916,1.37206400359
2020-03-20,1,10,,,,,,,4315,2948,5806,41853,25695,60610,51559,30206,76722,1.326425992
2020-03-21,3,13,,,,,,,4476,3080,6071,44966,28070,64564,56035,33287,82792,1.28163143345
2020-03-22,0,13,,,,,,,4614,3151,6275,48065,30425,68452,60649,36438,89066,1.23885018381
2020-03-23,5,18,,,,,,,4731,3262,6334,51107,32784,72096,65380,39701,95400,1.1990058447
2020-03-24,0,18,,,,,,,4826,3365,6510,54056,35129,75592,70206,43067,101910,1.16275080686
2020-03-25,5,23,,,,,,,4903,3460,6597,56883,37439,78844,75109,46527,108507,1.1304847451
2020-03-26,6,29,,,,,,,4962,3539,6707,59557,39687,81914,80071,50066,115214,1.10237606721
2020-03-27,6,35,,,,,,,5007,3583,6747,62052,41823,84790,85078,53649,121960,1.07837461454
2020-03-28,19,54,,,,,,,5040,3650,6760,64345,43854,87453,90118,57299,128720,1.0582336867
2020-03-29,2,56,,,,,,,5063,3656,6777,66417,45705,89917,95181,60956,135497,1.04155935798
2020-03-30,7,63,,,,,,,5077,3624,6750,68259,47322,91965,100258,64580,142246,1.02788069802
2020-03-31,22,85,,,,,,,5084,3634,6753,69867,48736,93868,105341,68215,148999,1.01671748352
2020-04-01,2,87,,,,,,,5085,3649,6695,71244,49963,95512,110426,71864,155693,1.00762703548
2020-04-02,77,164,,,,,,,5081,3663,6655,72396,51056,96918,115507,75528,162347,1.00022663958
2020-04-03,6,170,,,,,,,5073,3677,6634,73337,51947,98064,120580,79206,168980,0.994197903552
2020-04-04,25,195,,,,,,,5062,3699,6551,74084,52698,98810,125642,82905,175531,0.989281374435
2020-04-05,26,221,,,,,,,5048,3717,6491,74655,53335,99230,130690,86622,182021,0.985267555196
2020-04-06,15,236,,,,,,,5031,3722,6469,75072,53906,99424,135721,90345,188490,0.981987673977
2020-04-07,47,283,,,,,,,5013,3727,6392,75354,54371,99482,140734,94073,194881,0.979305594313
2020-04-08,26,309,,,,,,,4993,3729,6336,75521,54735,99307,145727,97802,201217,0.977111203733
2020-04-09,45,354,,,,,,,4973,3711,6330,75591,54986,99040,150700,101513,207546,0.97531517144
2020-04-10,36,390,,,,,,,4951,3702,6283,75580,55149,98615,155651,105216,213828,0.973844831486
2020-04-11,48,438,,,,,,,4928,3697,6272,75501,55264,98140,160579,108913,220100,0.972640946372
2020-04-12,23,461,,,,,,,4905,3698,6278,75366,55312,97657,165484,112612,226377,0.971655147481
2020-04-13,38,499,,,,,,,4881,3686,6286,75184,55342,97166,170365,116298,232662,0.970847895536
2020-04-14,72,571,,,,,,,4857,3664,6170,74964,55382,96586,175222,119963,238831,0.970186843686
2020-04-15,25,596,,,,,,,4833,3639,6167,74713,55387,96000,180055,123603,244998,0.969645515803
2020-04-16,72,668,,,,,,,4807,3612,6051,74435,55350,95356,184862,127215,251049,0.969023546879
2020-04-17,57,725,,,,,,,4781,3575,5967,74136,55262,94668,189643,130791,257015,0.968493457956
2020-04-18,23,748,,,,,,,4756,3533,5978,73819,55118,94012,194399,134324,262992,0.968074531265
2020-04-19,26,774,,,,,,,4730,3465,5986,73487,54884,93447,199129,137789,268978,0.967694000939
2020-04-20,48,822,,,,,,,4704,3390,5996,73143,54557,92953,203833,141179,274973,0.967435617675
2020-04-21,45,867,,,,,,,4678,3320,5991,72790,54155,92474,208511,144500,280964,0.967201081605
2020-04-22,26,893,,,,,,,4653,3280,5946,72430,53707,92028,213164,147780,286909,0.967202114026
2020-04-23,94,987,,,,,,,4627,3206,5930,72064,53184,91622,217791,150986,292838,0.967203654177
2020-04-24,59,1046,,,,,,,4602,3140,5926,71693,52614,91219,222393,154127,298764,0.967205951728
2020-04-25,9,1055,,,,,,,4576,3075,5923,71319,51986,90859,226969,157202,304686,0.96720937908
2020-04-26,20,1075,,,,,,,4551,3016,5918,70941,51305,90505,231520,160219,310604,0.967214491664
2020-04-27,13,1088,,,,,,,4525,2958,5914,70562,50565,90141,236045,163177,316517,0.967222117799
2020-04-28,83,1171,,,,,,,4500,2902,5909,70181,49781,89765,240546,166079,322426,0.967233492554
2020-04-29,47,1218,,,,,,,4475,2846,5905,69798,48962,89500,245020,168926,328330,0.967250457021
2020-04-30,50,1268,,,,,,,4450,2791,5900,69415,48114,89232,249470,171717,334229,0.967275754635
2020-05-01,46,1314,,,,,,,4424,2737,5894,69033,47239,89075,253894,174454,340123,0.967313471119
2020-05-02,50,1364,,,,,,,4399,2684,5889,68650,46347,88997,258294,177139,346012,0.967369686105
2020-05-03,15,1379,,,,,,,4374,2631,5883,68269,45446,88903,262668,179770,351895,0.967453434822
2020-05-04,20,1399,,,,,,,4350,2561,5878,67889,44542,88795,267018,182332,357772,0.96757811975
2020-05-05,72,1471,,,,,,,4325,2495,5872,67510,43648,88671,271343,184828,363644,0.967763565848
2020-05-06,68,1539,,,,,,,4301,2444,5867,67133,42773,88548,275644,187273,369511,0.968038975391
2020-05-07,61,1600,,,,,,,4278,2395,5863,66759,41887,88465,279923,189668,375373,0.968447094089
2020-05-08,69,1669,,,,,,,4256,2347,5859,66387,41029,88394,284178,192016,381232,0.96904990538
2020-05-09,46,1715,,,,,,,4235,2302,5857,66020,40191,88324,288413,194319,387088,0.969936022994
2020-05-10,6,1721,,,,,,,4216,2259,5857,65660,39376,88259,292629,196579,392945,0.971229444457
2020-05-11,14,1735,,,,,,,4200,2213,5860,65308,38573,88201,296828,198792,398804,0.973098092637
2020-05-12,44,1779,,,,,,,4187,2173,5869,64970,37788,88156,301016,200966,404672,0.975758109474
2020-05-13,48,1827,,,,,,,4180,2131,5883,64650,37018,88129,305196,203097,410555,0.97946590413
2020-05-14,48,1875,,,,,,,4180,2103,5910,64355,36275,88135,309375,205201,416465,0.984485616718
2020-05-15,42,1917,,,,,,,4187,2074,5951,64093,35558,88186,313563,207276,422415,0.991019609592
2020-05-16,47,1964,,,,,,,4204,2061,6003,63873,34882,88295,317767,209337,428417,0.99910305584
2020-05-17,9,1973,,,,,,,4230,2049,6072,63704,34248,88477,321998,211387,434488,1.00849719041
2020-05-18,24,1997,,,,,,,4265,2058,6180,63595,33675,88774,326263,213446,440668,1.01865292975
2020-05-19,55,2052,,,,,,,4297,2062,6289,63542,33176,89184,330560,215508,446956,1.02631365243
2020-05-20,44,2096,,,,,,,4336,2045,6418,63553,32726,89730,334896,217554,453374,1.03364211357
2020-05-21,48,2144,,,,,,,4382,2019,6562,63633,32300,90425,339278,219574,459935,1.04036129896
2020-05-22,46,2190,,,,,,,4432,2013,6719,63788,31918,91281,343710,221587,466654,1.0462862499
2020-05-23,43,2233,,,,,,,4487,2015,6883,64019,31586,92305,348197,223603,473536,1.05133385051
2020-05-24,4,2237,,,,,,,4543,1994,7053,64327,31278,93501,352740,225597,480588,1.05550928266
2020-05-25,15,2252,,,,,,,4601,1971,7229,64712,30989,94873,357341,227568,487817,1.05887995292
2020-05-26,7,2259,,,,,,,4663,1985,7414,65175,30761,96426,362004,229554,495230,1.06154775002
2020-05-27,60,2319,,,,,,,4727,1996,7565,65714,30584,98122,366730,231550,502794,1.06362642162
2020-05-28,45,2364,,,,,,,4793,1939,7692,66327,30392,99931,371523,233490,510486,1.06522638035
2020-05-29,49,2413,,,,,,,4861,1946,7822,67008,30236,101843,376384,235437,518307,1.06644632091
2020-05-30,34,2447,,,,,,,4931,1929,7953,67752,30090,103846,381315,237366,526260,1.0673698365
2020-05-31,4,2451,,,,,,,5003,1907,8149,68550,29937,105991,386318,239274,534408,1.06806515302
2020-06-01,9,2460,,,,,,,5076,1882,8365,69396,29770,108285,391394,241157,542773,1.06858651262
2020-06-02,70,2530,,,,,,,5152,1871,8585,70283,29583,110690,396546,243029,551357,1.06897623398
2020-06-03,,,33,17,47,2563,2547,2577,5230,1848,8809,71216,29368,113211,401776,244877,560166,
2020-06-04,,,33,16,47,2596,2563,2623,5309,1825,9040,72189,29148,115832,407085,246703,569205,
2020-06-05,,,33,16,47,2628,2580,2669,5390,1803,9276,73197,28932,118546,412475,248506,578481,
2020-06-06,,,33,16,47,2661,2596,2715,5473,1780,9518,74238,28699,121346,417948,250287,587999,
2020-06-07,,,33,16,47,2694,2612,2762,5558,1759,9769,75310,28443,124233,423506,252046,597768,
2020-06-08,,,33,15,48,2726,2628,2809,5645,1740,10024,76412,28188,127204,429152,253786,607791,
2020-06-09,,,33,15,48,2759,2644,2857,5734,1729,10284,77545,27947,130258,434886,255516,618074,
2020-06-10,,,33,15,49,2792,2660,2906,5825,1717,10550,78707,27679,133395,440711,257233,628624,
2020-06-11,,,33,15,50,2826,2675,2955,5918,1699,10823,79899,27382,136653,446629,258933,639447,
2020-06-12,,,33,15,51,2859,2691,3005,6013,1679,11102,81119,27122,140063,452642,260613,650549,
2020-06-13,,,34,15,52,2893,2706,3057,6110,1667,11388,82368,26843,143630,458752,262280,661936,
2020-06-14,,,34,15,53,2927,2721,3109,6209,1655,11681,83647,26569,147357,464961,263936,673616,
2020-06-15,,,34,14,54,2961,2736,3162,6311,1638,11980,84955,26300,151188,471272,265575,685596,
2020-06-16,,,35,14,55,2996,2751,3217,6414,1621,12286,86292,26038,155109,477686,267196,697881,
2020-06-17,,,35,14,56,3031,2766,3273,6520,1600,12599,87660,25767,159124,484206,268796,710480,
2020-06-18,,,36,14,57,3066,2781,3330,6612,1577,12887,89042,25496,163201,490818,270374,723367,
2020-06-19,,,36,14,58,3102,2795,3388,6705,1554,13181,90438,25226,167343,497523,271929,736548,
2020-06-20,,,37,14,59,3139,2810,3447,6799,1534,13479,91847,24957,171546,504322,273463,750026,
2020-06-21,,,37,14,60,3176,2824,3507,6894,1529,13779,93268,24705,175806,511216,274992,763805,
2020-06-22,,,38,14,62,3214,2839,3568,6986,1523,14077,94696,24469,180114,518202,276516,777882,
2020-06-23,,,38,14,64,3252,2853,3631,7075,1497,14370,96125,24227,184461,525277,278013,792252,
2020-06-24,,,39,14,65,3291,2867,3696,7161,1480,14659,97552,23978,188836,532438,279494,806910,
2020-06-25,,,39,13,67,3330,2881,3762,7246,1462,14947,98973,23723,193233,539684,280957,821857,
2020-06-26,,,40,13,69,3370,2894,3830,7329,1437,15232,100384,23461,197642,547013,282394,837089,
2020-06-27,,,41,13,70,3411,2908,3900,7410,1412,15515,101781,23193,202055,554423,283806,852603,
2020-06-28,,,41,13,72,3452,2921,3972,7488,1386,15793,103158,22912,206460,561910,285193,868395,
2020-06-29,,,42,13,74,3494,2934,4046,7563,1360,16065,104512,22616,210844,569474,286553,884460,
2020-06-30,,,42,13,76,3536,2947,4122,7636,1334,16333,105837,22312,215198,577109,287887,900793,
2020-07-01,,,43,12,78,3579,2960,4199,7705,1308,16596,107128,21999,219508,584814,289196,917388,
2020-07-02,,,44,12,80,3623,2973,4279,7772,1282,16854,108381,21681,223762,592587,290478,934242,
2020-07-03,,,45,12,82,3668,2986,4360,7837,1255,17105,109605,21359,227980,600423,291733,951346,
2020-07-04,,,45,12,84,3713,2999,4444,7897,1229,17350,110798,21034,232148,608321,292963,968695,
2020-07-05,,,46,12,86,3759,3011,4530,7955,1203,17588,111953,20703,236257,616276,294166,986282,
2020-07-06,,,47,12,89,3806,3023,4618,8009,1176,17818,113069,20350,240296,624285,295343,1004100,
2020-07-07,,,47,12,91,3853,3036,4708,8060,1150,18041,114143,19977,244259,632345,296493,1022141,
2020-07-08,,,48,12,93,3901,3048,4801,8108,1124,18256,115176,19604,248145,640453,297618,1040396,
2020-07-09,,,49,11,95,3950,3060,4895,8152,1098,18462,116166,19222,251948,648604,298716,1058858,
2020-07-10,,,50,11,97,4000,3072,4992,8192,1072,18660,117112,18831,255661,656796,299788,1077517,
2020-07-11,,,50,11,100,4050,3083,5092,8228,1046,18848,118011,18440,259277,665024,300835,1096365,
2020-07-12,,,51,11,102,4101,3095,5193,8261,1020,19027,118863,18049,262789,673285,301855,1115392,
2020-07-13,,,52,11,104,4153,3106,5297,8290,995,19197,119664,17658,266194,681575,302851,1134588,
2020-07-14,,,52,11,106,4205,3118,5402,8315,969,19356,120416,17267,269484,689890,303820,1153944,
2020-07-15,,,53,11,109,4259,3129,5510,8336,944,19505,121116,16877,272656,698225,304765,1173448,
2020-07-16,,,54,11,111,4312,3140,5621,8353,919,19643,121764,16489,275703,706578,305685,1193090,
2020-07-17,,,54,10,113,4367,3151,5733,8366,895,19770,122357,16102,278619,714944,306580,1212860,
2020-07-18,,,55,10,115,4422,3162,5847,8375,870,19886,122895,15717,281400,723318,307451,1232746,
2020-07-19,,,56,10,117,4477,3172,5964,8379,846,19991,123377,15335,284042,731698,308298,1252737,
2020-07-20,,,56,10,119,4533,3182,6083,8380,823,20085,123802,14955,286539,740078,309122,1272821,
2020-07-21,,,57,10,121,4590,3193,6203,8376,799,20166,124169,14578,288887,748454,309921,1292986,
2020-07-22,,,57,9,123,4647,3203,6326,8369,776,20236,124478,14204,291082,756823,310698,1313222,
2020-07-23,,,58,9,125,4705,3212,6450,8357,754,20294,124727,13834,293119,765180,311453,1333515,
2020-07-24,,,58,9,127,4764,3222,6577,8341,731,20339,124917,13468,294996,773521,312185,1353853,
2020-07-25,,,59,9,129,4822,3231,6705,8321,709,20373,125046,13106,296709,781842,312894,1374226,
2020-07-26,,,59,9,131,4881,3241,6836,8297,688,20394,125114,12748,298255,790139,313583,1394619,
2020-07-27,,,60,8,132,4941,3250,6968,8269,667,20403,125122,12394,299630,798407,314250,1415022,
2020-07-28,,,60,8,134,5001,3258,7101,8236,646,20400,125069,12046,300833,806644,314897,1435421,
2020-07-29,,,60,8,136,5062,3267,7237,8200,626,20384,124954,11702,301861,814843,315523,1455804,
2020-07-30,,,61,8,137,5122,3275,7373,8166,607,20356,124784,11365,302712,823010,316130,1476160,
2020-07-31,,,61,8,139,5183,3284,7512,8129,589,20316,124561,11034,303386,831139,316720,1496476,
2020-08-01,,,61,8,140,5245,3292,7652,8089,571,20264,124284,10711,303879,839228,317291,1516739,
2020-08-02,,,62,7,142,5306,3299,7793,8045,554,20200,123954,10394,304193,847273,317846,1536938,
2020-08-03,,,62,7,143,5368,3307,7936,7998,537,20124,123573,10085,304325,855271,318383,1557062,
2020-08-04,,,62,7,144,5430,3314,8080,7950,521,20036,123143,9783,304277,863220,318905,1577097,
2020-08-05,,,62,7,146,5493,3322,8225,7899,505,19937,122665,9488,304048,871119,319410,1597034,
2020-08-06,,,62,7,147,5555,3329,8371,7846,490,19826,122142,9201,303638,878965,319900,1616859,
2020-08-07,,,63,6,148,5618,3336,8518,7791,475,19704,121576,8922,303048,886756,320375,1636563,
2020-08-08,,,63,6,149,5680,3342,8666,7733,460,19571,120967,8651,302281,894488,320836,1656134,
2020-08-09,,,63,6,149,5743,3349,8815,7673,446,19428,120319,8388,301336,902161,321283,1675561,
2020-08-10,,,63,6,150,5806,3355,8965,7611,433,19274,119633,8133,300216,909772,321717,1694834,
2020-08-11,,,63,6,151,5869,3361,9115,7547,420,19110,118911,7886,298922,917319,322137,1713944,
2020-08-12,,,63,5,152,5931,3367,9266,7482,407,18944,118157,7648,297467,924801,322545,1732887,
2020-08-13,,,63,5,152,5994,3373,9418,7425,395,18807,117383,7418,295890,932226,322941,1751693,
2020-08-14,,,63,5,152,6057,3379,9570,7367,384,18661,116583,7194,294194,939593,323325,1770354,
2020-08-15,,,62,5,153,6119,3384,9722,7306,372,18508,115760,6978,292386,946899,323698,1788861,
2020-08-16,,,62,5,153,6181,3390,9875,7245,362,18350,114917,6769,290472,954144,324061,1807210,
2020-08-17,,,62,5,153,6243,3395,10027,7185,352,18193,114057,6567,288464,961329,324413,1825402,
2020-08-18,,,62,4,153,6305,3400,10180,7125,342,18040,113184,6372,286380,968455,324756,1843442,
2020-08-19,,,62,4,153,6367,3405,10333,7067,333,17887,112301,6184,284232,975521,325089,1861328,
2020-08-20,,,61,4,153,6428,3409,10485,7008,323,17733,111410,6002,282028,982529,325412,1879061,
2020-08-21,,,61,4,153,6489,3414,10638,6949,313,17578,110513,5825,279780,989478,325726,1896639,
2020-08-22,,,61,4,153,6550,3418,10790,6890,304,17422,109612,5655,277498,996368,326031,1914060,
2020-08-23,,,61,4,152,6611,3423,10941,6831,295,17266,108711,5489,275193,1003199,326326,1931326,
2020-08-24,,,60,4,152,6671,3427,11092,6773,286,17111,107811,5329,272877,1009972,326613,1948437,
2020-08-25,,,60,4,151,6731,3431,11243,6715,278,16957,106915,5174,270560,1016687,326892,1965393,
2020-08-26,,,60,3,150,6790,3435,11393,6658,270,16801,106026,5024,268251,1023345,327162,1982194,
2020-08-27,,,59,3,150,6850,3438,11542,6600,263,16646,105144,4880,265953,1029945,327425,1998839,
2020-08-28,,,59,3,149,6908,3442,11690,6543,256,16490,104261,4740,263636,1036488,327681,2015329,
2020-08-29,,,58,3,148,6967,3446,11837,6486,249,16335,103380,4606,261310,1042973,327931,2031663,
2020-08-30,,,58,3,147,7025,3449,11984,6429,243,16180,102503,4476,258983,1049402,328175,2047843,
2020-08-31,,,57,3,146,7082,3452,12129,6372,237,16025,101630,4351,256658,1055775,328412,2063868,
2020-09-01,,,57,3,145,7139,3456,12273,6316,231,15871,100761,4230,254336,1062091,328643,2079738,
