date,actual_deaths,total_deaths,predicted_deaths_mean,predicted_deaths_lower,predicted_deaths_upper,predicted_total_deaths_mean,predicted_total_deaths_lower,predicted_total_deaths_upper,predicted_new_infected_mean,predicted_new_infected_lower,predicted_new_infected_upper,predicted_current_infected_mean,predicted_current_infected_lower,predicted_current_infected_upper,predicted_total_infected_mean,predicted_total_infected_lower,predicted_total_infected_upper,r_values_mean
2020-02-22,,,,,,,,,599,250,750,599,250,750,599,250,750,1.67681578969
2020-02-23,,,,,,,,,599,250,750,1198,500,1500,1198,500,1500,1.67547366973
2020-02-24,,,,,,,,,599,250,750,1797,750,2250,1797,750,2250,1.67517691359
2020-02-25,,,,,,,,,599,250,750,2396,1000,3000,2396,1000,3000,1.67481464514
2020-02-26,,,,,,,,,599,250,750,2995,1250,3750,2995,1250,3750,1.67437245101
2020-02-27,,,,,,,,,599,250,750,3594,1500,4500,3594,1500,4500,1.67383276958
2020-02-28,,,,,,,,,599,250,750,4193,1750,5250,4193,1750,5250,1.67317421359
2020-02-29,,,,,,,,,599,250,750,4792,2000,6000,4792,2000,6000,1.67237075105
2020-03-01,,,,,,,,,599,250,750,5391,2250,6750,5391,2250,6750,1.67139071655
2020-03-02,,,,,,,,,1570,745,2084,6961,2995,8834,6961,2995,8834,1.67019561917
2020-03-03,,,,,,,,,1564,742,2073,8524,3738,10907,8524,3738,10907,1.66873870706
2020-03-04,,,,,,,,,1637,788,2180,10161,4526,13086,10161,4526,13086,1.66696323993
2020-03-05,,,,,,,,,1789,881,2402,11950,5408,15488,11950,5408,15488,1.66480040919
2020-03-06,,,,,,,,,2105,1076,2862,14055,6484,18349,14055,6484,18349,1.66216682949
2020-03-07,,,,,,,,,2594,1378,3573,16649,7862,21922,16649,7862,21922,1.65896150132
2020-03-08,,,,,,,,,2973,1616,4118,19023,9229,25289,19622,9479,26039,1.65506210969
2020-03-09,,,,,,,,,3295,1830,4578,21719,10809,29117,22917,11309,30617,1.65032047416
2020-03-10,,,,,,,,,3671,2090,5117,24792,12650,33483,26589,13400,35733,1.64455690162
2020-03-11,,,,,,,,,4116,2408,5750,28309,14809,38483,30705,15809,41483,1.63755312949
2020-03-12,,,,,,,,,4670,2805,6525,32380,17364,44257,35375,18614,48007,1.62904353621
2020-03-13,,,,,,,,,5244,3220,7326,37026,20334,50833,40619,21834,55333,1.61870447449
2020-03-14,,,,,,,,,5820,3516,8083,42246,23601,58165,46439,25351,63415,1.60614224632
2020-03-15,,,,,,,,,6421,3805,8970,48069,27157,66385,52860,29157,72385,1.59088191343
2020-03-16,,,,,,,,,7066,4109,9914,54536,31017,75549,59927,33267,82299,1.57236251267
2020-03-17,1,1,,,,,,,7761,4630,10794,60727,34901,84258,67687,37897,93092,1.54994961348
2020-03-18,0,1,,,,,,,8471,5089,11655,67634,39248,93840,76158,42986,104746,1.52298184747
2020-03-19,2,3,,,,,,,9166,5464,12454,75163,43923,104114,85324,48450,117200,1.49086821641
2020-03-20,1,4,,,,,,,9827,6046,13248,83201,49088,114960,95152,54497,130447,1.45323805314
2020-03-21,5,9,,,,,,,10442,6672,14089,91539,54684,126188,105594,61169,144536,1.41011135126
2020-03-22,21,30,,,,,,,10995,7329,14821,99940,60635,137435,116589,68498,159356,1.36202082193
2020-03-23,7,37,,,,,,,11463,7852,15455,108430,66872,148773,128052,76351,174811,1.31001488163
2020-03-24,7,44,,,,,,,11827,8142,15883,116962,73183,160078,139879,84493,190694,1.25552165399
2020-03-25,15,59,,,,,,,12079,8425,16005,125370,79518,170966,151958,92918,206699,1.20012717607
2020-03-26,16,75,,,,,,,12220,8692,16022,133473,85801,181238,164178,101610,222720,1.14536091563
2020-03-27,17,92,,,,,,,12255,8778,15950,141058,91774,190663,176433,110388,238670,1.09256127781
2020-03-28,16,108,,,,,,,12191,8712,15807,148005,97266,199145,188625,119101,254477,1.04283324334
2020-03-29,23,131,,,,,,,12038,8676,15657,154224,102425,206718,200663,127777,270133,0.997055732904
2020-03-30,37,168,,,,,,,11809,8510,15387,159612,107131,213136,212472,136288,285520,0.955883767048
2020-03-31,46,214,,,,,,,11520,8307,15056,164066,111329,218277,223992,144596,300575,0.919721436027
2020-04-01,63,277,,,,,,,11187,8169,14605,167492,114868,222089,235179,152765,315180,0.888685753417
2020-04-02,79,356,,,,,,,10824,7911,14190,169845,117691,224624,246003,160677,329369,0.862602005722
2020-04-03,69,425,,,,,,,10444,7633,13648,171123,119860,225817,256448,168310,343016,0.841054068756
2020-04-04,76,501,,,,,,,10055,7420,13166,171351,121234,225735,266502,175731,356182,0.82347711901
2020-04-05,73,574,,,,,,,9663,7195,12591,170572,121757,224237,276166,182926,368773,0.809257549581
2020-04-06,75,649,,,,,,,9275,6933,12167,168852,121361,221584,285441,189860,380940,0.79780966071
2020-04-07,76,725,,,,,,,8894,6605,11704,166283,120114,217832,294335,196465,392643,0.78861837745
2020-04-08,87,812,,,,,,,8523,6302,11240,162979,118275,213189,302858,202768,403882,0.781253422309
2020-04-09,96,908,,,,,,,8164,6011,10814,159064,115862,207997,311022,208780,414695,0.775366087903
2020-04-10,98,1006,,,,,,,7819,5716,10433,154663,112886,202409,318842,214497,425128,0.770678226282
2020-04-11,95,1101,,,,,,,7489,5480,10022,149897,109589,196480,326330,219978,435150,0.766969364009
2020-04-12,97,1198,,,,,,,7173,5209,9673,144878,106086,190346,333503,225187,444822,0.764064745723
2020-04-13,98,1296,,,,,,,6872,4927,9340,139712,102337,184028,340375,230114,454161,0.761825249171
2020-04-14,107,1403,,,,,,,6586,4664,9049,134489,98490,177690,346961,234779,463210,0.760139232971
2020-04-15,115,1518,,,,,,,6315,4418,8776,129284,94601,171411,353276,239198,471986,0.758916062628
2020-04-16,125,1643,,,,,,,6058,4189,8562,124155,90621,165368,359334,243387,480547,0.758081011698
2020-04-17,126,1769,,,,,,,5815,3975,8342,119146,86685,159519,365149,247363,488888,0.757571284916
2020-04-18,121,1890,,,,,,,5585,3775,8093,114286,82827,153965,370734,251138,496981,0.75733297688
2020-04-19,127,2017,,,,,,,5367,3560,7886,109599,78967,148684,376101,254698,504866,0.757318829741
2020-04-20,123,2140,,,,,,,5162,3339,7700,105097,75110,143793,381263,258037,512566,0.757486677321
2020-04-21,119,2259,,,,,,,4967,3134,7548,100789,71311,139174,386230,261172,520113,0.75779846557
2020-04-22,117,2376,,,,,,,4783,2945,7427,96678,67651,134897,391013,264117,527540,0.758219730704
2020-04-23,115,2491,,,,,,,4609,2801,7311,92764,64149,130968,395622,266918,534850,0.758719408364
2020-04-24,109,2600,,,,,,,4444,2671,7117,89044,60809,127272,400066,269590,541967,0.759269848058
2020-04-25,106,2706,,,,,,,4288,2550,6960,85512,57644,123799,404354,272141,548926,0.759846919959
2020-04-26,99,2805,,,,,,,4139,2431,6868,82163,54594,120645,408493,274572,555794,0.760301304342
2020-04-27,95,2900,,,,,,,3998,2331,6747,78988,51716,117718,412491,276903,562540,0.760754293954
2020-04-28,92,2992,,,,,,,3864,2206,6627,75980,48995,115006,416355,279109,569167,0.761191541112
2020-04-29,89,3081,,,,,,,3736,2092,6458,73130,46423,112415,420091,281202,575624,0.761708833804
2020-04-30,93,3174,,,,,,,3615,1984,6394,70430,43988,110033,423706,283186,582018,0.762175628342
2020-05-01,84,3258,,,,,,,3499,1882,6312,67871,41681,107782,427206,285069,588329,0.762640650108
2020-05-02,78,3336,,,,,,,3389,1787,6250,65445,39494,105690,430594,286857,594578,0.763086135977
2020-05-03,61,3397,,,,,,,3283,1699,6188,63144,37418,103785,433878,288556,600766,0.763476009274
2020-05-04,64,3461,,,,,,,3183,1617,6127,60959,35475,102026,437060,290173,606892,0.763814174561
2020-05-05,59,3520,,,,,,,3086,1540,6039,58884,33676,100366,440146,291714,612931,0.764105189981
2020-05-06,64,3584,,,,,,,2993,1468,5933,56910,32010,98751,443140,293182,618863,0.764353956555
2020-05-07,57,3641,,,,,,,2905,1401,5829,55031,30466,97152,446044,294584,624691,0.764565468752
2020-05-08,48,3689,,,,,,,2819,1338,5726,53242,29004,95567,448863,295922,630417,0.764744634482
2020-05-09,50,3739,,,,,,,2737,1279,5636,51535,27611,94086,451601,297202,636052,0.764896165695
2020-05-10,47,3786,,,,,,,2658,1224,5543,49905,26285,92668,454259,298426,641594,0.765024537168
2020-05-11,55,3841,,,,,,,2582,1172,5456,48348,25026,91256,456841,299598,647049,0.765134010708
2020-05-12,53,3894,,,,,,,2509,1123,5358,46859,23817,89867,459350,300721,652407,0.765228724996
2020-05-13,58,3952,,,,,,,2439,1076,5262,45434,22688,88502,461789,301798,657668,0.765312857349
2020-05-14,55,4007,,,,,,,2370,1033,5171,44068,21628,87215,464160,302831,662839,0.765390872886
2020-05-15,48,4055,,,,,,,2305,991,5100,42758,20636,85921,466464,303823,667939,0.765467889597
2020-05-16,41,4096,,,,,,,2241,952,5009,41500,19706,84619,468705,304776,672947,0.765550205619
2020-05-17,44,4140,,,,,,,2180,915,4938,40290,18834,83307,470885,305692,677884,0.765646059252
2020-05-18,31,4171,,,,,,,2120,880,4848,39127,18016,81967,473005,306573,682732,0.765766724488
2020-05-19,28,4199,,,,,,,2063,847,4759,38007,17246,80599,475068,307420,687490,0.765928086011
2020-05-20,,,42,24,72,4241,4223,4271,2007,815,4672,36928,16522,79232,477075,308236,692162,
2020-05-21,,,40,22,70,4281,4245,4341,1953,785,4587,35888,15839,77885,479028,309022,696748,
2020-05-22,,,39,21,69,4320,4267,4410,1901,756,4503,34885,15194,76560,480929,309778,701250,
2020-05-23,,,37,20,68,4358,4287,4477,1851,729,4422,33917,14585,75256,482781,310508,705672,
2020-05-24,,,36,19,67,4393,4306,4543,1804,702,4343,32984,14007,73963,484584,311210,710014,
2020-05-25,,,35,17,66,4428,4324,4608,1758,676,4264,32083,13460,72684,486342,311886,714277,
2020-05-26,,,33,16,65,4461,4341,4672,1715,651,4201,31216,12939,71429,488057,312538,718478,
2020-05-27,,,32,16,63,4493,4357,4735,1675,628,4148,30381,12445,70219,489732,313166,722625,
2020-05-28,,,31,15,62,4524,4372,4796,1637,609,4093,29580,11978,69050,491369,313776,726718,
2020-05-29,,,30,14,60,4554,4387,4856,1604,588,4066,28813,11533,67945,492973,314364,730783,
2020-05-30,,,29,13,59,4583,4400,4914,1574,569,4008,28082,11110,66853,494546,314934,734791,
2020-05-31,,,28,13,58,4611,4413,4971,1547,551,4039,27388,10709,65883,496093,315485,738829,
2020-06-01,,,27,12,56,4637,4426,5027,1523,537,3995,26731,10330,64940,497616,316023,742823,
2020-06-02,,,26,11,55,4663,4437,5081,1497,518,3983,26108,9968,64075,499113,316541,746806,
2020-06-03,,,25,11,54,4688,4449,5135,1474,498,4006,25520,9619,63322,500587,317040,750812,
2020-06-04,,,24,10,53,4713,4460,5187,1453,481,4009,24965,9285,62659,502040,317522,754821,
2020-06-05,,,24,10,52,4736,4470,5239,1432,463,4007,24445,8963,62080,503473,317985,758827,
2020-06-06,,,23,9,51,4759,4480,5290,1413,444,4046,23956,8651,61622,504885,318430,762872,
2020-06-07,,,22,9,51,4782,4489,5340,1393,427,4073,23498,8349,61273,506279,318857,766945,
2020-06-08,,,22,9,50,4804,4499,5389,1374,411,4056,23068,8058,60987,507652,319268,771000,
2020-06-09,,,21,8,49,4825,4507,5437,1354,393,4082,22664,7775,60805,509007,319662,775082,
2020-06-10,,,21,8,48,4845,4516,5485,1335,375,4125,22285,7499,60730,510342,320037,779207,
2020-06-11,,,20,8,47,4865,4524,5532,1316,358,4150,21926,7229,60732,511658,320395,783356,
2020-06-12,,,20,7,46,4885,4532,5577,1297,341,4182,21586,6960,60821,512955,320737,787538,
2020-06-13,,,19,7,45,4904,4539,5622,1277,327,4165,21260,6699,60920,514233,321064,791702,
2020-06-14,,,19,7,45,4922,4547,5667,1258,310,4192,20944,6440,61104,515490,321375,795894,
2020-06-15,,,18,7,44,4940,4554,5710,1238,294,4224,20636,6183,61288,516729,321669,800117,
2020-06-16,,,18,6,43,4958,4561,5753,1220,278,4253,20333,5924,61547,517948,321948,804369,
2020-06-17,,,17,6,43,4975,4567,5795,1199,262,4280,20034,5669,61844,519148,322210,808649,
2020-06-18,,,17,6,42,4992,4573,5837,1179,246,4291,19739,5417,62129,520326,322457,812940,
2020-06-19,,,16,6,42,5008,4579,5878,1158,234,4323,19444,5170,62443,521485,322692,817263,
2020-06-20,,,16,5,41,5025,4585,5919,1138,219,4359,19150,4926,62795,522622,322912,821622,
2020-06-21,,,16,5,41,5040,4591,5959,1117,208,4386,18854,4690,63135,523739,323120,826007,
2020-06-22,,,16,5,41,5056,4597,6000,1096,198,4395,18556,4461,63458,524835,323319,830402,
2020-06-23,,,15,5,40,5071,4602,6040,1074,188,4388,18257,4238,63790,525909,323507,834790,
2020-06-24,,,15,5,41,5086,4607,6080,1053,177,4412,17955,4023,64120,526962,323685,839202,
2020-06-25,,,15,4,41,5101,4612,6120,1031,168,4435,17651,3816,64429,527993,323853,843636,
2020-06-26,,,15,4,41,5115,4617,6160,1014,161,4468,17349,3619,64747,529007,324015,848103,
2020-06-27,,,14,4,41,5130,4622,6200,997,154,4475,17050,3432,65040,530005,324170,852577,
2020-06-28,,,14,4,41,5144,4626,6241,980,147,4500,16752,3253,65375,530985,324318,857077,
2020-06-29,,,14,4,41,5158,4630,6281,963,141,4532,16458,3084,65715,531948,324459,861608,
2020-06-30,,,14,4,41,5171,4634,6322,947,133,4565,16167,2922,66056,532895,324592,866173,
2020-07-01,,,14,3,41,5185,4638,6363,932,121,4599,15879,2766,66403,533827,324714,870771,
2020-07-02,,,13,3,42,5198,4642,6404,918,112,4632,15597,2615,66754,534745,324826,875403,
2020-07-03,,,13,3,42,5211,4646,6445,904,104,4660,15322,2473,67123,535648,324930,880062,
2020-07-04,,,13,3,42,5224,4649,6487,890,96,4666,15054,2334,67466,536539,325026,884728,
2020-07-05,,,13,3,42,5237,4652,6529,877,88,4675,14794,2203,67782,537416,325115,889403,
2020-07-06,,,13,3,42,5250,4655,6571,865,81,4709,14542,2076,68105,538281,325197,894112,
2020-07-07,,,12,2,43,5262,4658,6613,853,75,4743,14299,1953,68453,539133,325273,898854,
2020-07-08,,,12,2,43,5274,4661,6656,841,69,4777,14066,1835,68842,539975,325342,903631,
2020-07-09,,,12,2,43,5286,4664,6698,830,64,4807,13843,1722,69237,540805,325407,908438,
2020-07-10,,,12,2,43,5298,4666,6741,820,59,4840,13632,1613,69642,541625,325466,913277,
2020-07-11,,,12,2,44,5309,4668,6785,810,54,4857,13428,1506,70031,542435,325521,918134,
2020-07-12,,,11,2,44,5321,4671,6828,800,50,4892,13230,1402,70449,543235,325572,923026,
2020-07-13,,,11,2,44,5332,4673,6872,791,46,4928,13041,1301,70876,544026,325619,927953,
2020-07-14,,,11,1,44,5343,4675,6916,782,43,4947,12859,1203,71291,544808,325662,932899,
2020-07-15,,,11,1,44,5354,4677,6960,773,39,4970,12686,1109,71696,545581,325702,937869,
2020-07-16,,,11,1,45,5364,4678,7004,765,36,5003,12519,1024,72101,546346,325738,942872,
2020-07-17,,,10,1,45,5374,4680,7048,757,33,5035,12358,945,72504,547103,325772,947906,
2020-07-18,,,10,1,45,5385,4682,7093,749,31,5068,12204,873,72912,547852,325804,952973,
2020-07-19,,,10,1,45,5395,4683,7138,742,28,5104,12056,806,73349,548594,325832,958076,
2020-07-20,,,10,1,46,5404,4685,7183,735,26,5139,11914,744,73813,549329,325859,963215,
2020-07-21,,,10,1,46,5414,4686,7228,728,24,5174,11777,686,74277,550058,325884,968388,
2020-07-22,,,9,1,46,5423,4687,7274,722,22,5208,11647,633,74742,550780,325907,973596,
2020-07-23,,,9,1,47,5433,4689,7320,716,20,5244,11521,585,75209,551496,325928,978840,
2020-07-24,,,9,1,47,5442,4690,7366,710,19,5280,11401,539,75682,552206,325947,984120,
2020-07-25,,,9,1,47,5451,4691,7413,704,17,5312,11285,498,76154,552910,325965,989431,
2020-07-26,,,9,0,47,5460,4692,7460,699,16,5348,11174,459,76645,553609,325981,994778,
2020-07-27,,,9,0,47,5469,4693,7506,694,15,5384,11068,424,77137,554303,325996,1000162,
2020-07-28,,,9,0,48,5477,4694,7554,689,14,5421,10966,391,77630,554992,326010,1005582,
2020-07-29,,,9,0,48,5486,4694,7601,684,12,5457,10869,361,78141,555676,326023,1011039,
2020-07-30,,,8,0,48,5494,4695,7649,680,11,5487,10775,333,78658,556356,326035,1016526,
2020-07-31,,,8,0,49,5502,4696,7697,675,10,5526,10686,307,79181,557031,326046,1022052,
2020-08-01,,,8,0,49,5511,4696,7745,671,10,5556,10600,284,79702,557703,326056,1027607,
2020-08-02,,,8,0,49,5519,4697,7794,667,9,5568,10518,262,80201,558370,326066,1033174,
2020-08-03,,,8,0,49,5527,4697,7843,664,8,5580,10439,241,80677,559034,326074,1038753,
2020-08-04,,,8,0,50,5535,4698,7892,660,7,5597,10364,223,81135,559694,326082,1044350,
