date,actual_deaths,total_deaths,predicted_deaths_mean,predicted_deaths_lower,predicted_deaths_upper,predicted_total_deaths_mean,predicted_total_deaths_lower,predicted_total_deaths_upper,predicted_new_infected_mean,predicted_new_infected_lower,predicted_new_infected_upper,predicted_current_infected_mean,predicted_current_infected_lower,predicted_current_infected_upper,predicted_total_infected_mean,predicted_total_infected_lower,predicted_total_infected_upper,r_values_mean
2020-02-25,,,,,,,,,402,300,500,402,300,500,402,300,500,1.9062081494
2020-02-26,,,,,,,,,402,300,500,804,600,1000,804,600,1000,1.9047891078
2020-02-27,,,,,,,,,402,300,500,1205,900,1500,1205,900,1500,1.90447548025
2020-02-28,,,,,,,,,402,300,500,1607,1200,2000,1607,1200,2000,1.90409268333
2020-02-29,,,,,,,,,402,300,500,2009,1500,2500,2009,1500,2500,1.90362553249
2020-03-01,,,,,,,,,402,300,500,2411,1800,3000,2411,1800,3000,1.90305554318
2020-03-02,,,,,,,,,402,300,500,2813,2100,3500,2813,2100,3500,1.90236022905
2020-03-03,,,,,,,,,402,300,500,3214,2400,4000,3214,2400,4000,1.90151225785
2020-03-04,,,,,,,,,402,300,500,3616,2700,4500,3616,2700,4500,1.90047843874
2020-03-05,,,,,,,,,1155,839,1490,4772,3539,5990,4772,3539,5990,1.89921851121
2020-03-06,,,,,,,,,1151,837,1484,5923,4377,7474,5923,4377,7474,1.89768370127
2020-03-07,,,,,,,,,1218,883,1574,7141,5260,9047,7141,5260,9047,1.89581500587
2020-03-08,,,,,,,,,1355,977,1760,8496,6237,10806,8496,6237,10806,1.89354116013
2020-03-09,,,,,,,,,1640,1172,2145,10136,7410,12951,10136,7410,12951,1.89077623402
2020-03-10,,,,,,,,,2083,1476,2744,12218,8887,15694,12218,8887,15694,1.88741679184
2020-03-11,,,,,,,,,2434,1717,3214,14250,10304,18407,14652,10604,18907,1.88333852892
2020-03-12,,,,,,,,,2748,1932,3633,16597,11937,21540,17400,12537,22540,1.87839226855
2020-03-13,,,,,,,,,3131,2191,4150,19326,13828,25190,20532,14728,26690,1.87239915905
2020-03-14,,,,,,,,,3600,2507,4794,22525,16035,29483,24132,17235,31483,1.86514485973
2020-03-15,,,,,,,,,4190,2907,5576,26313,18642,34559,28322,20142,37059,1.85637247725
2020-03-16,,,,,,,,,4818,3337,6421,30729,21680,40479,33140,23480,43479,1.84577409784
2020-03-17,,,,,,,,,5473,3792,7263,35800,25172,47242,38613,27272,50742,1.83298115791
2020-03-18,,,,,,,,,6187,4290,8162,41586,29163,54903,44800,31563,58903,1.81755497925
2020-03-19,,,,,,,,,6985,4861,9196,48169,33724,63599,51785,36424,68099,1.79898108075
2020-03-20,1,1,,,,,,,7874,5514,10352,54887,38399,72461,59659,41939,78451,1.77667465623
2020-03-21,0,1,,,,,,,8823,6239,11543,62559,43801,82520,68482,48178,89993,1.75000889408
2020-03-22,4,5,,,,,,,9805,7025,12844,71146,49944,93790,78287,55204,102836,1.71837884965
2020-03-23,4,9,,,,,,,10808,7873,14319,80599,56840,106349,89095,63077,117155,1.68130515209
2020-03-24,2,11,,,,,,,11819,8754,15573,90778,64422,119777,100914,71832,132727,1.63856142752
2020-03-25,4,15,,,,,,,12818,9430,16725,101513,72376,133758,113732,81263,149452,1.590287885
2020-03-26,10,25,,,,,,,13771,10110,17727,112851,80768,148272,127503,91373,167179,1.53705193533
2020-03-27,10,35,,,,,,,14644,10976,18514,124746,89813,163153,142146,102350,185693,1.47984043022
2020-03-28,9,44,,,,,,,15411,11761,19012,137026,99382,178014,157557,114111,204704,1.41999383148
2020-03-29,4,48,,,,,,,16058,12506,20039,149483,109382,193259,173615,126617,224742,1.35909832752
2020-03-30,8,56,,,,,,,16575,13228,20673,161868,119703,208357,190190,139846,245415,1.29884660405
2020-03-31,33,89,,,,,,,16958,13710,21013,174008,130076,222949,207148,153557,266427,1.24088192271
2020-04-01,33,122,,,,,,,17209,13961,21047,185744,140245,236733,224357,167518,287474,1.18665082579
2020-04-02,32,154,,,,,,,17337,14054,21174,196894,150009,249745,241695,181572,308648,1.13728820707
2020-04-03,38,192,,,,,,,17358,14171,21240,207267,159319,261789,259052,195744,329887,1.09354295429
2020-04-04,24,216,,,,,,,17288,14187,21160,216681,167993,272596,276340,209932,351047,1.0557439103
2020-04-05,15,231,,,,,,,17145,14125,20887,225002,175879,281940,293485,224057,371933,1.02381350957
2020-04-06,29,260,,,,,,,16944,14006,20521,232141,182860,289618,310428,238064,392454,0.997338653965
2020-04-07,96,356,,,,,,,16697,13851,19998,238030,188838,295297,327125,251916,412451,0.975688018067
2020-04-08,77,433,,,,,,,16414,13697,19622,242625,193781,299346,343539,265614,432073,0.958140581297
2020-04-09,70,503,,,,,,,16106,13476,19118,245913,197827,301739,359645,279090,451191,0.9439888424
2020-04-10,96,599,,,,,,,15778,13121,18714,247921,200837,302726,375423,292211,469904,0.932600248217
2020-04-11,87,686,,,,,,,15438,12754,18275,248715,202615,302487,390861,304966,488179,0.923441112305
2020-04-12,70,756,,,,,,,15090,12453,17827,248394,203307,301303,405951,317419,506006,0.916076398915
2020-04-13,88,844,,,,,,,14737,11985,17572,247073,202786,298836,420688,329404,523578,0.910157961717
2020-04-14,0,844,,,,,,,14383,11563,17340,244881,201122,295503,435071,340968,540918,0.905409388522
2020-04-15,264,1108,,,,,,,14031,11189,17041,241954,198600,291531,449102,352157,557958,0.901611519242
2020-04-16,0,1108,,,,,,,13683,10737,16743,238428,195375,287228,462785,362894,574701,0.898590133912
2020-04-17,137,1245,,,,,,,13339,10226,16452,234430,191548,282505,476124,373121,591152,0.89620602905
2020-04-18,159,1404,,,,,,,13002,9806,16244,230074,187183,277509,489126,382927,607396,0.894347201462
2020-04-19,302,1706,,,,,,,12672,9357,16014,225458,182352,272364,501798,392284,623410,0.892922741664
2020-04-20,0,1706,,,,,,,12349,8896,15893,220662,177123,267370,514147,401181,639303,0.891858075317
2020-04-21,255,1961,,,,,,,12026,8503,15741,215745,171619,262590,526173,409684,655044,0.890469918604
2020-04-22,221,2182,,,,,,,11713,8070,15527,210761,165837,258119,537886,417754,670570,0.889327133541
2020-04-23,178,2360,,,,,,,11408,7727,15452,205755,159867,253949,549294,425481,686021,0.888479714053
2020-04-24,196,2556,,,,,,,11115,7350,15354,200764,153741,250185,560409,432832,701375,0.887965733682
2020-04-25,174,2730,,,,,,,10832,6985,15276,195817,147605,246747,571240,439817,716651,0.887883496014
2020-04-26,169,2899,,,,,,,10558,6657,15197,190937,141509,243668,581799,446475,731847,0.888181337803
2020-04-27,104,3003,,,,,,,10293,6338,15143,186141,135394,240984,592092,452814,746989,0.888688930351
2020-04-28,150,3153,,,,,,,10035,6027,15078,181440,129437,238490,602127,458841,762067,0.889187012709
2020-04-29,252,3405,,,,,,,9786,5694,15030,176842,123567,236180,611913,464536,777097,0.889669599203
2020-04-30,157,3562,,,,,,,9544,5385,14980,172354,117764,234118,621456,469921,792076,0.890132224933
2020-05-01,154,3716,,,,,,,9309,5096,14925,167980,112123,232300,630765,475017,807000,0.890572447679
2020-05-02,130,3846,,,,,,,9081,4824,14850,163722,106721,230698,639847,479842,821850,0.890990364583
2020-05-03,158,4004,,,,,,,8860,4596,14723,159581,101511,229177,648707,484439,836572,0.891389200866
2020-05-04,86,4090,,,,,,,8646,4371,14593,155555,96526,227755,657353,488810,851164,0.891776066803
2020-05-05,122,4212,,,,,,,8437,4161,14460,151643,91791,226322,665790,492972,865624,0.892163025201
2020-05-06,208,4420,,,,,,,8235,3943,14327,147851,87232,224908,674025,496916,879951,0.892568664499
2020-05-07,132,4552,,,,,,,8039,3737,14220,144178,82899,223601,682064,500653,894170,0.893020428403
2020-05-08,150,4702,,,,,,,7850,3533,14084,140619,78705,222232,689914,504186,908253,0.893557998604
2020-05-09,138,4840,,,,,,,7666,3343,14001,137171,74697,220879,697580,507529,922254,0.894238025854
2020-05-10,139,4979,,,,,,,7490,3167,13921,133830,70879,219524,705071,510697,936174,0.895140369993
2020-05-11,129,5108,,,,,,,7322,3000,13803,130594,67222,218130,712392,513697,949977,0.896375561871
2020-05-12,33,5141,,,,,,,7162,2851,13733,127463,63734,216721,719555,516549,963709,0.898092121687
2020-05-13,174,5315,,,,,,,7013,2712,13723,124440,60420,215366,726568,519261,977432,0.900480226078
2020-05-14,167,5482,,,,,,,6875,2591,13714,121530,57317,214050,733442,521853,991146,0.903764774282
2020-05-15,110,5592,,,,,,,6750,2482,13712,118736,54414,212782,740193,524336,1004857,0.90817713364
2020-05-16,113,5705,,,,,,,6641,2383,13678,116068,51702,211535,746833,526719,1018535,0.913894800891
2020-05-17,92,5797,,,,,,,6547,2289,13666,113534,49166,210351,753380,529008,1032201,0.920949898588
2020-05-18,65,5862,,,,,,,6468,2202,13742,111141,46771,209371,759848,531211,1045943,0.929136507141
2020-05-19,,,109,67,161,5971,5929,6023,6402,2117,13799,108898,44517,208578,766250,533328,1059741,
2020-05-20,,,106,63,160,6077,5993,6182,6332,2019,13886,106793,42375,208003,772583,535348,1073627,
2020-05-21,,,103,60,159,6180,6053,6340,6273,1953,13978,104830,40385,207654,778855,537301,1087604,
2020-05-22,,,100,56,157,6280,6109,6497,6222,1902,14146,103013,38550,207580,785077,539203,1101749,
2020-05-23,,,97,53,156,6377,6163,6653,6178,1850,14275,101341,36867,207771,791254,541054,1116024,
2020-05-24,,,94,50,154,6471,6213,6806,6138,1786,14525,99812,35311,208295,797392,542840,1130549,
2020-05-25,,,91,47,152,6562,6260,6958,6099,1696,14823,98421,33840,209197,803491,544537,1145371,
2020-05-26,,,89,45,150,6651,6306,7108,6063,1643,15029,97161,32483,210423,809554,546181,1160399,
2020-05-27,,,86,42,148,6738,6348,7256,6029,1575,15241,96028,31208,211931,815583,547757,1175640,
2020-05-28,,,84,40,146,6821,6389,7402,5997,1515,15406,95013,30010,213614,821580,549272,1191045,
2020-05-29,,,81,38,145,6903,6427,7546,5967,1466,15564,94105,28885,215464,827548,550738,1206609,
2020-05-30,,,79,35,143,6982,6462,7688,5938,1422,15706,93293,27824,217457,833486,552161,1222314,
2020-05-31,,,77,33,141,7059,6496,7829,5910,1365,15983,92563,26806,219762,839396,553526,1238296,
2020-06-01,,,75,31,139,7134,6528,7968,5882,1316,16203,91898,25834,222299,845279,554843,1254499,
2020-06-02,,,73,30,139,7207,6558,8106,5856,1260,16536,91286,24892,225093,851134,556103,1271035,
2020-06-03,,,72,28,139,7279,6587,8244,5834,1217,16737,90718,23992,228030,856968,557321,1287771,
2020-06-04,,,70,27,138,7349,6614,8382,5806,1175,16825,90192,23148,230970,862774,558497,1304596,
2020-06-05,,,69,26,138,7418,6641,8520,5779,1135,16902,89698,22331,233894,868553,559633,1321497,
2020-06-06,,,68,25,138,7486,6666,8657,5752,1094,16957,89228,21523,236705,874305,560727,1338454,
2020-06-07,,,67,24,138,7553,6690,8795,5725,1053,17005,88776,20726,239436,880030,561780,1355459,
2020-06-08,,,66,23,138,7619,6713,8932,5698,1007,17045,88337,19947,241956,885729,562788,1372504,
2020-06-09,,,65,22,138,7684,6735,9070,5670,962,17074,87908,19213,244207,891399,563751,1389578,
2020-06-10,,,64,21,139,7748,6756,9208,5641,926,17091,87486,18495,246269,897040,564677,1406668,
2020-06-11,,,63,20,140,7811,6776,9348,5609,888,17095,87066,17808,248124,902649,565565,1423763,
2020-06-12,,,63,19,141,7874,6796,9488,5576,849,17084,86645,17142,249802,908225,566414,1440846,
2020-06-13,,,62,19,143,7937,6815,9630,5541,814,17104,86219,16490,251341,913766,567229,1457949,
2020-06-14,,,62,18,144,7998,6833,9774,5503,781,17106,85783,15849,252742,919269,568010,1475055,
2020-06-15,,,61,17,147,8060,6851,9920,5462,745,17092,85335,15228,253851,924731,568755,1492147,
2020-06-16,,,61,16,149,8121,6868,10069,5417,710,17061,84869,14622,254709,930148,569465,1509208,
2020-06-17,,,61,16,151,8182,6885,10219,5369,677,17007,84382,14039,255180,935516,570143,1526214,
2020-06-18,,,60,15,153,8242,6900,10372,5317,646,16930,83865,13469,255373,940834,570790,1543143,
2020-06-19,,,60,15,155,8302,6916,10526,5250,614,16795,83309,12907,255343,946084,571404,1559938,
2020-06-20,,,60,14,156,8361,6930,10682,5180,582,16657,82711,12353,255098,951264,571987,1576595,
2020-06-21,,,59,14,158,8421,6944,10840,5108,553,16494,82067,11813,254635,956372,572541,1593088,
2020-06-22,,,59,13,161,8480,6958,11000,5033,526,16344,81375,11287,253973,961405,573067,1609432,
2020-06-23,,,59,13,163,8539,6971,11162,4955,500,16142,80632,10779,253069,966360,573567,1625573,
2020-06-24,,,59,12,166,8597,6984,11328,4872,473,15941,79834,10290,251936,971233,574041,1641513,
2020-06-25,,,58,12,168,8656,6996,11495,4787,446,15706,78980,9810,250552,976020,574487,1657219,
2020-06-26,,,58,11,169,8714,7008,11663,4699,419,15479,78070,9341,248936,980719,574907,1672698,
2020-06-27,,,58,11,169,8771,7019,11832,4613,396,15231,77106,8888,247082,985332,575303,1687928,
2020-06-28,,,57,10,170,8829,7030,12001,4525,374,14985,76091,8448,244964,989857,575677,1702913,
2020-06-29,,,57,10,170,8886,7041,12171,4436,353,14734,75024,8021,242591,994293,576031,1717646,
2020-06-30,,,57,10,171,8943,7051,12341,4345,333,14477,73908,7609,239976,998639,576364,1732123,
2020-07-01,,,57,9,171,9000,7060,12512,4254,313,14218,72745,7212,237133,1002893,576678,1746341,
2020-07-02,,,56,9,171,9056,7069,12682,4163,295,13975,71539,6830,234102,1007055,576973,1760315,
2020-07-03,,,56,8,171,9112,7078,12853,4071,277,13721,70293,6460,230893,1011127,577250,1774036,
2020-07-04,,,56,8,171,9167,7087,13023,3979,259,13459,69022,6105,227556,1015106,577510,1787494,
2020-07-05,,,55,8,171,9223,7095,13193,3887,244,13193,67729,5768,224092,1018993,577755,1800687,
2020-07-06,,,55,7,171,9278,7103,13364,3795,230,12952,66415,5445,220550,1022787,577986,1813638,
2020-07-07,,,54,7,171,9332,7110,13534,3703,215,12706,65085,5134,216912,1026490,578202,1826343,
2020-07-08,,,54,7,170,9386,7117,13704,3611,202,12450,63740,4837,213221,1030101,578404,1838793,
2020-07-09,,,53,6,170,9439,7124,13873,3519,190,12178,62387,4553,209458,1033620,578595,1850971,
2020-07-10,,,53,6,169,9492,7130,14041,3428,177,11907,61029,4285,205658,1037049,578773,1862877,
2020-07-11,,,52,6,167,9544,7137,14208,3338,166,11641,59668,4031,201821,1040386,578939,1874518,
2020-07-12,,,52,5,166,9596,7142,14374,3248,155,11308,58303,3791,197898,1043634,579094,1885825,
2020-07-13,,,51,5,165,9647,7148,14538,3159,145,11010,56936,3562,193923,1046793,579240,1896835,
2020-07-14,,,50,5,163,9697,7153,14700,3070,135,10709,55570,3344,189898,1049863,579375,1907543,
2020-07-15,,,49,4,161,9746,7158,14861,2983,126,10389,54207,3137,185809,1052846,579502,1917932,
2020-07-16,,,49,4,159,9795,7163,15020,2896,118,10053,52849,2941,181645,1055742,579620,1927985,
2020-07-17,,,48,4,157,9843,7167,15176,2810,110,9770,51496,2756,177440,1058552,579730,1937754,
2020-07-18,,,47,4,155,9889,7172,15330,2726,102,9487,50151,2582,173206,1061278,579833,1947241,
2020-07-19,,,46,3,152,9935,7176,15482,2642,95,9161,48814,2417,168908,1063920,579928,1956402,
2020-07-20,,,45,3,150,9980,7179,15631,2560,88,8864,47487,2261,164580,1066480,580017,1965266,
2020-07-21,,,44,3,147,10025,7183,15778,2479,82,8590,46172,2113,160218,1068959,580100,1973855,
2020-07-22,,,43,3,145,10068,7186,15922,2400,76,8319,44869,1974,155831,1071359,580176,1982174,
2020-07-23,,,42,3,142,10110,7189,16064,2321,71,8031,43579,1843,151411,1073680,580248,1990204,
2020-07-24,,,41,2,140,10152,7192,16203,2244,66,7750,42304,1719,146983,1075924,580314,1997953,
2020-07-25,,,41,2,137,10192,7195,16339,2169,61,7496,41044,1603,142572,1078093,580376,2005449,
2020-07-26,,,40,2,135,10232,7198,16473,2095,57,7255,39801,1493,138185,1080188,580433,2012703,
2020-07-27,,,39,2,132,10271,7200,16605,2022,52,7013,38576,1391,133891,1082210,580486,2019716,
2020-07-28,,,38,2,129,10309,7202,16734,1951,49,6774,37368,1295,129655,1084161,580535,2026490,
2020-07-29,,,37,2,127,10345,7205,16860,1882,45,6542,36180,1205,125488,1086043,580580,2033031,
2020-07-30,,,36,2,125,10381,7207,16984,1814,42,6312,35011,1120,121411,1087856,580623,2039342,
2020-07-31,,,35,1,122,10417,7209,17106,1751,39,6101,33866,1041,117458,1089607,580662,2045442,
2020-08-01,,,34,1,119,10451,7210,17224,1690,36,5897,32746,968,113585,1091298,580698,2051339,
2020-08-02,,,33,1,116,10484,7212,17340,1631,33,5690,31652,899,109787,1092929,580732,2057028,
2020-08-03,,,32,1,113,10516,7214,17453,1574,31,5482,30583,835,106108,1094503,580763,2062510,
2020-08-04,,,31,1,110,10548,7215,17563,1518,28,5291,29541,775,102535,1096021,580792,2067800,
