date,actual_deaths,total_deaths,predicted_deaths_mean,predicted_deaths_lower,predicted_deaths_upper,predicted_total_deaths_mean,predicted_total_deaths_lower,predicted_total_deaths_upper,predicted_new_infected_mean,predicted_new_infected_lower,predicted_new_infected_upper,predicted_current_infected_mean,predicted_current_infected_lower,predicted_current_infected_upper,predicted_total_infected_mean,predicted_total_infected_lower,predicted_total_infected_upper,r_values_mean
2020-02-26,,,,,,,,,274,150,350,274,150,350,274,150,350,4.01418965134
2020-02-27,,,,,,,,,274,150,350,548,300,700,548,300,700,3.9361252222
2020-02-28,,,,,,,,,274,150,350,822,450,1050,822,450,1050,3.91954648971
2020-02-29,,,,,,,,,274,150,350,1096,600,1400,1096,600,1400,3.89957671724
2020-03-01,,,,,,,,,274,150,350,1370,750,1750,1370,750,1750,3.87555821895
2020-03-02,,,,,,,,,274,150,350,1644,900,2100,1644,900,2100,3.84670807574
2020-03-03,,,,,,,,,274,150,350,1918,1050,2450,1918,1050,2450,3.8120898567
2020-03-04,,,,,,,,,274,150,350,2192,1200,2800,2192,1200,2800,3.77057817139
2020-03-05,,,,,,,,,274,150,350,2466,1350,3150,2466,1350,3150,3.72081757073
2020-03-06,,,,,,,,,1265,676,1817,3731,2026,4967,3731,2026,4967,3.66118134943
2020-03-07,,,,,,,,,1240,666,1780,4971,2692,6746,4971,2692,6746,3.58974109902
2020-03-08,,,,,,,,,1383,743,2022,6354,3436,8767,6354,3436,8767,3.50426411767
2020-03-09,,,,,,,,,1674,900,2493,8029,4336,11260,8029,4336,11260,3.40226671481
2020-03-10,,,,,,,,,2275,1219,3433,10304,5556,14693,10304,5556,14693,3.28117464518
2020-03-11,,,,,,,,,3172,1698,4773,13476,7255,19465,13476,7255,19465,3.13867154847
2020-03-12,,,,,,,,,3821,2076,5818,17023,9182,24932,17297,9332,25282,2.97331016897
2020-03-13,,,,,,,,,4408,2444,6743,21157,11477,31325,21705,11777,32025,2.78535980951
2020-03-14,,,,,,,,,5115,2656,7782,25998,13983,38757,26820,14433,39807,2.5776618368
2020-03-15,,,,,,,,,5901,2831,8815,31624,16664,47221,32720,17264,48621,2.3560729653
2020-03-16,,,,,,,,,6699,3027,10028,38049,19542,56898,39419,20292,58648,2.12909217756
2020-03-17,,,,,,,,,7278,3231,11105,45053,22623,67653,46697,23523,69753,1.90660412883
2020-03-18,,,,,,,,,7645,3375,11050,52424,25848,78353,54342,26898,80803,1.69813626972
2020-03-19,,,,,,,,,7875,3492,12064,60024,29190,90066,62216,30390,92866,1.51124697648
2020-03-20,,,,,,,,,7994,3598,12327,67744,32638,102043,70210,33988,105193,1.35052303046
2020-03-21,,,,,,,,,8010,3693,11931,74489,35655,112157,78220,37682,117123,1.21736489638
2020-03-22,4,4,,,,,,,7911,3733,12133,81161,38722,122510,86132,41415,129255,1.11046946536
2020-03-23,0,4,,,,,,,7718,3706,12070,87495,41685,132558,93850,45121,141325,1.02673803141
2020-03-24,5,9,,,,,,,7472,3668,11845,93293,44453,141910,101322,48790,153170,0.962262890741
2020-03-25,8,17,,,,,,,7198,3623,11282,98216,46857,149759,108520,52414,164451,0.913111871733
2020-03-26,0,17,,,,,,,6913,3596,10575,101957,48755,155560,115433,56010,175025,0.875795148245
2020-03-27,2,19,,,,,,,6618,3581,10606,104753,50260,160348,122050,59592,185630,0.84744913961
2020-03-28,8,27,,,,,,,6316,3548,10021,106661,51364,163626,128366,63141,195651,0.82583814934
2020-03-29,12,39,,,,,,,6014,3511,9406,107561,52219,165249,134380,66652,205056,0.809268987693
2020-03-30,0,39,,,,,,,5718,3462,8941,107378,52850,165376,140098,70114,213997,0.79648092622
2020-03-31,9,48,,,,,,,5431,3409,8213,106110,53232,163561,145529,73524,222209,0.786542367272
2020-04-01,28,76,,,,,,,5156,3340,7538,103988,53342,159995,150685,76865,229747,0.778765720976
2020-04-02,0,76,,,,,,,4892,3273,6970,101235,53240,155914,155577,80139,236716,0.772641879478
2020-04-03,19,95,,,,,,,4639,3206,6542,97999,52955,150392,160215,83345,243258,0.767791630173
2020-04-04,0,95,,,,,,,4398,3057,6229,94403,52414,144293,164613,86402,249486,0.763930350398
2020-04-05,67,162,,,,,,,4169,2842,5936,90562,51563,138299,168782,89245,255421,0.7608425976
2020-04-06,0,162,,,,,,,3953,2673,5657,86603,50503,131823,172735,91918,261078,0.758363869754
2020-04-07,338,500,,,,,,,3748,2654,5390,82633,49451,125142,176483,94573,266467,0.756367486424
2020-04-08,0,500,,,,,,,3555,2520,5019,78717,48304,118317,180038,97094,271486,0.754755104116
2020-04-09,133,633,,,,,,,3373,2346,4631,74892,47027,111666,183412,99441,276116,0.753449809065
2020-04-10,90,723,,,,,,,3202,2187,4324,71181,45618,105415,186613,101628,280440,0.75239104346
2020-04-11,69,792,,,,,,,3040,2041,4154,67603,44077,98963,189653,103669,284593,0.751530843204
2020-04-12,54,846,,,,,,,2888,1906,3989,64175,42435,92931,192541,105576,288582,0.750831020873
2020-04-13,64,910,,,,,,,2745,1772,3879,60906,40696,87405,195286,107349,292461,0.750261035832
2020-04-14,91,1001,,,,,,,2610,1648,3722,57799,38882,82186,197896,108997,296182,0.749796368666
2020-04-15,56,1057,,,,,,,2483,1533,3624,54851,37006,77598,200380,110531,299806,0.749417269435
2020-04-16,52,1109,,,,,,,2364,1428,3463,52058,35094,73522,202744,111960,303269,0.749107785807
2020-04-17,0,1109,,,,,,,2251,1332,3308,49418,33153,69860,204995,113292,306576,0.748855002829
2020-04-18,0,1109,,,,,,,2145,1243,3217,46925,31190,66536,207140,114536,309793,0.748648444236
2020-04-19,0,1109,,,,,,,2045,1162,3119,44573,29296,63426,209186,115698,312911,0.748479598173
2020-04-20,220,1329,,,,,,,1951,1091,3023,42355,27545,60513,211137,116790,315934,0.748293959438
2020-04-21,61,1390,,,,,,,1862,1034,2927,40264,25905,57783,212999,117824,318860,0.748083992905
2020-04-22,41,1431,,,,,,,1778,958,2855,38294,24209,55249,214777,118783,321715,0.747846620793
2020-04-23,40,1471,,,,,,,1699,896,2773,36437,22585,53002,216476,119680,324487,0.747804256244
2020-04-24,47,1518,,,,,,,1624,842,2665,34688,21081,51036,218100,120523,327152,0.747757612059
2020-04-25,40,1558,,,,,,,1553,793,2583,33040,19687,49295,219653,121316,329734,0.747720068645
2020-04-26,29,1587,,,,,,,1486,747,2505,31486,18393,47646,221139,122063,332239,0.747720100571
2020-04-27,33,1620,,,,,,,1423,704,2455,30021,17191,46111,222562,122767,334693,0.747720148199
2020-04-28,27,1647,,,,,,,1363,665,2405,28638,16083,44637,223925,123432,337097,0.747720219251
2020-04-29,31,1678,,,,,,,1306,628,2356,27334,15063,43271,225231,124061,339453,0.747720325249
2020-04-30,22,1700,,,,,,,1252,594,2307,26102,14124,41953,226482,124655,341759,0.747720483378
2020-05-01,20,1720,,,,,,,1200,562,2259,24939,13258,40749,227682,125218,344018,0.747720719279
2020-05-02,25,1745,,,,,,,1151,533,2208,23839,12459,39649,228834,125751,346225,0.7477210712
2020-05-03,25,1770,,,,,,,1105,505,2140,22798,11720,38573,229939,126257,348365,0.747721596203
2020-05-04,22,1792,,,,,,,1061,476,2086,21814,11034,37539,230999,126733,350450,0.747722379409
2020-05-05,26,1818,,,,,,,1018,448,2032,20881,10390,36548,232017,127181,352481,0.747723547801
2020-05-06,73,1891,,,,,,,978,422,1979,19997,9778,35600,232995,127603,354460,0.747725290808
2020-05-07,13,1904,,,,,,,939,398,1927,19158,9218,34672,233935,128002,356387,0.747727891005
2020-05-08,14,1918,,,,,,,903,375,1891,18362,8697,33791,234837,128377,358277,0.747731769898
2020-05-09,22,1940,,,,,,,867,360,1854,17605,8215,32979,235705,128738,360131,0.747737556204
2020-05-10,23,1963,,,,,,,833,337,1817,16885,7759,32213,236538,129075,361947,0.747746187642
2020-05-11,10,1973,,,,,,,801,316,1780,16200,7328,31488,237339,129391,363726,0.747759062641
2020-05-12,18,1991,,,,,,,770,296,1743,15547,6920,30776,238109,129687,365468,0.747778266334
2020-05-13,13,2004,,,,,,,740,277,1708,14924,6532,30079,238849,129965,367176,0.747806906987
2020-05-14,12,2016,,,,,,,711,260,1673,14329,6164,29396,239560,130225,368848,0.747849616269
2020-05-15,11,2027,,,,,,,683,244,1639,13761,5814,28729,240243,130469,370487,0.747913291995
2020-05-16,7,2034,,,,,,,657,229,1605,13218,5480,28075,240900,130698,372092,0.748008198244
2020-05-17,10,2044,,,,,,,631,215,1571,12697,5162,27438,241531,130914,373663,0.748149588949
2020-05-18,9,2053,,,,,,,606,201,1542,12198,4858,26840,242137,131116,375204,0.74836009116
2020-05-19,7,2060,,,,,,,582,189,1512,11720,4572,26267,242719,131305,376716,0.74867317482
2020-05-20,5,2065,,,,,,,559,178,1483,11261,4302,25718,243278,131483,378199,0.749138141345
2020-05-21,8,2073,,,,,,,537,167,1454,10820,4047,25193,243815,131651,379652,0.749827157167
2020-05-22,9,2082,,,,,,,515,157,1426,10396,3806,24692,244331,131808,381078,0.750844867257
2020-05-23,5,2087,,,,,,,495,147,1399,9988,3578,24200,244825,131956,382477,0.752340875793
2020-05-24,7,2094,,,,,,,475,138,1372,9596,3356,23718,245301,132094,383848,0.754524524464
2020-05-25,9,2103,,,,,,,457,130,1343,9220,3149,23245,245758,132225,385191,0.757679312932
2020-05-26,5,2108,,,,,,,440,122,1314,8858,2956,22780,246197,132348,386505,0.762170147818
2020-05-27,6,2114,,,,,,,424,115,1292,8512,2776,22328,246621,132463,387796,0.768429917818
2020-05-28,0,2114,,,,,,,409,110,1272,8181,2608,21892,247030,132574,389067,0.776904563581
2020-05-29,4,2118,,,,,,,396,104,1255,7866,2452,21473,247426,132678,390321,0.787935728024
2020-05-30,3,2121,,,,,,,385,96,1239,7568,2304,21073,247811,132774,391559,0.801582792928
2020-05-31,1,2122,,,,,,,375,94,1226,7286,2169,20694,248186,132868,392785,0.817442657672
2020-06-01,3,2125,,,,,,,367,91,1224,7022,2046,20346,248553,132960,394009,0.834588319268
2020-06-02,2,2127,,,,,,,358,88,1214,6774,1932,20019,248911,133048,395223,0.847521711348
2020-06-03,3,2130,,,,,,,351,86,1209,6543,1829,19716,249263,133134,396431,0.859894155207
2020-06-04,2,2132,,,,,,,346,85,1217,6330,1736,19449,249609,133219,397647,0.871237975181
2020-06-05,0,2132,,,,,,,341,83,1205,6135,1652,19200,249950,133303,398852,0.881240910513
2020-06-06,3,2135,,,,,,,337,82,1194,5956,1578,18968,250287,133386,400046,0.889762638877
2020-06-07,7,2142,,,,,,,333,81,1194,5794,1512,18763,250619,133468,401239,0.896811908675
2020-06-08,,,4,1,9,2146,2143,2151,329,79,1194,5647,1453,18585,250948,133548,402432,
2020-06-09,,,3,1,9,2149,2144,2160,325,77,1194,5516,1400,18436,251273,133625,403626,
2020-06-10,,,3,1,9,2152,2145,2169,322,75,1195,5398,1353,18317,251596,133701,404821,
2020-06-11,,,3,1,9,2156,2146,2178,319,72,1196,5294,1310,18222,251915,133774,406017,
2020-06-12,,,3,1,10,2159,2147,2187,317,70,1198,5202,1270,18148,252232,133844,407214,
2020-06-13,,,3,1,10,2162,2148,2196,314,68,1199,5120,1234,18092,252546,133913,408412,
2020-06-14,,,3,0,10,2166,2149,2205,312,66,1200,5047,1204,18053,252858,133979,409612,
2020-06-15,,,3,0,10,2169,2150,2214,309,65,1199,4981,1175,18025,253167,134044,410810,
2020-06-16,,,3,0,10,2172,2151,2223,307,63,1202,4921,1147,18003,253475,134108,412011,
2020-06-17,,,3,0,10,2175,2152,2233,305,62,1203,4869,1121,17991,253780,134170,413214,
2020-06-18,,,3,0,10,2178,2153,2242,303,61,1204,4821,1096,17986,254083,134231,414417,
2020-06-19,,,3,0,10,2181,2153,2251,302,60,1204,4776,1072,17974,254385,134292,415620,
2020-06-20,,,3,0,10,2184,2154,2260,300,60,1205,4735,1048,17974,254685,134352,416825,
2020-06-21,,,3,0,10,2187,2155,2270,298,59,1206,4696,1025,17985,254983,134412,418030,
2020-06-22,,,3,0,10,2190,2156,2279,297,58,1207,4660,1002,17998,255280,134471,419236,
2020-06-23,,,3,0,10,2192,2156,2288,295,58,1207,4627,981,18011,255575,134529,420443,
2020-06-24,,,3,0,10,2195,2157,2297,294,57,1208,4596,961,18024,255869,134587,421650,
2020-06-25,,,3,0,10,2198,2158,2306,293,56,1208,4566,942,18037,256162,134643,422858,
2020-06-26,,,3,0,10,2200,2158,2315,291,55,1209,4538,924,18049,256453,134699,424066,
2020-06-27,,,3,0,10,2203,2159,2325,290,54,1209,4512,908,18060,256744,134753,425274,
2020-06-28,,,3,0,9,2206,2160,2333,289,53,1209,4487,893,18071,257033,134806,426483,
2020-06-29,,,2,0,9,2208,2160,2342,288,52,1209,4464,879,18080,257321,134859,427691,
2020-06-30,,,2,0,9,2210,2161,2351,287,51,1209,4442,865,18091,257609,134910,428900,
2020-07-01,,,2,0,9,2213,2161,2360,287,50,1211,4421,852,18099,257895,134960,430110,
2020-07-02,,,2,0,9,2215,2162,2369,285,49,1209,4400,839,18106,258180,135009,431319,
2020-07-03,,,2,0,9,2218,2162,2378,284,48,1208,4381,825,18111,258464,135057,432527,
2020-07-04,,,2,0,9,2220,2163,2387,282,47,1206,4361,812,18113,258746,135104,433733,
2020-07-05,,,2,0,9,2222,2164,2396,281,46,1204,4342,798,18112,259027,135151,434936,
2020-07-06,,,2,0,9,2225,2164,2405,279,45,1208,4323,784,18114,259306,135196,436144,
2020-07-07,,,2,0,10,2227,2165,2414,278,44,1214,4304,770,18121,259584,135241,437357,
2020-07-08,,,2,0,10,2229,2165,2423,276,43,1213,4284,755,18127,259860,135285,438570,
2020-07-09,,,2,0,10,2232,2165,2432,274,43,1211,4264,741,18130,260134,135328,439780,
2020-07-10,,,2,0,10,2234,2166,2441,272,42,1213,4244,727,18135,260406,135370,440992,
2020-07-11,,,2,0,10,2236,2166,2450,270,41,1215,4223,713,18142,260676,135412,442207,
2020-07-12,,,2,0,10,2239,2167,2459,268,41,1217,4201,700,18150,260945,135453,443424,
2020-07-13,,,2,0,10,2241,2167,2468,266,40,1218,4178,687,18159,261211,135494,444641,
2020-07-14,,,2,0,10,2243,2168,2477,264,39,1218,4154,674,18167,261475,135533,445858,
2020-07-15,,,2,0,10,2245,2168,2487,262,39,1217,4129,663,18175,261737,135573,447075,
2020-07-16,,,2,0,10,2247,2169,2496,260,38,1216,4102,651,18180,261997,135612,448290,
2020-07-17,,,2,0,10,2250,2169,2505,258,38,1215,4075,640,18186,262255,135650,449505,
2020-07-18,,,2,0,10,2252,2169,2514,255,37,1213,4046,630,18191,262510,135688,450717,
2020-07-19,,,2,0,10,2254,2170,2523,253,37,1210,4017,620,18194,262763,135725,451926,
2020-07-20,,,2,0,10,2256,2170,2532,250,36,1207,3986,610,18197,263013,135762,453133,
2020-07-21,,,2,0,10,2258,2171,2541,248,36,1204,3955,601,18193,263261,135798,454336,
2020-07-22,,,2,0,10,2260,2171,2550,245,35,1201,3923,592,18181,263506,135834,455537,
2020-07-23,,,2,0,10,2263,2171,2559,243,35,1197,3889,584,18165,263749,135869,456734,
2020-07-24,,,2,0,10,2265,2172,2568,240,35,1193,3855,576,18147,263989,135905,457926,
2020-07-25,,,2,0,10,2267,2172,2577,237,34,1188,3820,569,18122,264226,135939,459114,
2020-07-26,,,2,0,10,2269,2172,2586,234,34,1182,3784,561,18088,264460,135974,460295,
2020-07-27,,,2,0,10,2271,2173,2595,232,34,1176,3747,554,18047,264692,136008,461471,
2020-07-28,,,2,0,10,2273,2173,2604,229,33,1169,3710,547,17999,264921,136042,462639,
2020-07-29,,,2,0,10,2275,2174,2613,226,33,1162,3671,541,17943,265147,136075,463801,
2020-07-30,,,2,0,10,2277,2174,2622,223,33,1154,3632,535,17881,265370,136108,464955,
2020-07-31,,,2,0,10,2279,2174,2631,220,32,1146,3592,529,17810,265590,136141,466100,
2020-08-01,,,2,0,10,2281,2174,2640,217,32,1137,3552,524,17733,265807,136174,467237,
2020-08-02,,,2,0,10,2283,2175,2650,214,32,1127,3511,518,17647,266021,136206,468363,
2020-08-03,,,2,0,10,2285,2175,2659,211,32,1116,3469,513,17553,266232,136238,469479,
2020-08-04,,,2,0,10,2287,2175,2668,208,31,1104,3427,508,17450,266440,136270,470583,
2020-08-05,,,2,0,10,2289,2176,2677,205,31,1092,3384,504,17339,266645,136302,471674,
2020-08-06,,,2,0,10,2291,2176,2686,202,31,1080,3341,499,17217,266847,136334,472754,
2020-08-07,,,2,0,10,2293,2176,2695,199,31,1067,3297,495,17087,267046,136365,473820,
2020-08-08,,,2,0,10,2295,2177,2704,196,31,1054,3253,491,16948,267241,136396,474873,
2020-08-09,,,2,0,10,2297,2177,2713,193,30,1040,3208,487,16800,267434,136427,475913,
2020-08-10,,,2,0,10,2299,2177,2722,189,30,1026,3163,483,16643,267623,136457,476938,
2020-08-11,,,2,0,10,2301,2177,2731,186,30,1012,3118,479,16479,267810,136488,477949,
2020-08-12,,,2,0,10,2303,2178,2740,183,30,997,3072,476,16307,267993,136518,478946,
2020-08-13,,,2,0,9,2305,2178,2749,180,30,984,3026,472,16129,268173,136548,479930,
2020-08-14,,,2,0,9,2306,2178,2758,178,29,971,2981,469,15946,268351,136578,480901,
2020-08-15,,,2,0,9,2308,2178,2767,175,29,958,2936,466,15759,268525,136608,481859,
2020-08-16,,,2,0,9,2310,2179,2776,172,29,945,2891,463,15567,268697,136637,482803,
2020-08-17,,,2,0,9,2312,2179,2785,169,29,932,2846,460,15372,268867,136667,483735,
2020-08-18,,,2,0,9,2313,2179,2794,167,29,920,2801,457,15176,269033,136696,484654,
2020-08-19,,,2,0,9,2315,2180,2802,164,29,907,2757,455,14979,269197,136726,485561,
2020-08-20,,,2,0,9,2317,2180,2811,162,29,895,2714,452,14782,269359,136755,486456,
2020-08-21,,,2,0,9,2319,2180,2820,159,29,883,2671,450,14586,269518,136784,487339,
2020-08-22,,,2,0,9,2320,2180,2828,157,29,872,2629,448,14390,269675,136813,488210,
2020-08-23,,,2,0,9,2322,2181,2837,154,28,860,2588,445,14197,269829,136842,489070,
2020-08-24,,,2,0,9,2323,2181,2845,152,28,849,2547,444,14007,269981,136871,489919,
2020-08-25,,,2,0,9,2325,2181,2854,150,28,838,2508,442,13819,270131,136900,490757,
2020-08-26,,,2,0,9,2327,2181,2862,148,28,828,2469,440,13635,270279,136929,491584,
2020-08-27,,,2,0,9,2328,2181,2870,146,28,817,2432,439,13455,270425,136957,492400,
2020-08-28,,,2,0,9,2330,2182,2878,144,28,806,2395,437,13277,270568,136986,493206,
2020-08-29,,,1,0,8,2331,2182,2886,142,28,796,2359,436,13101,270710,137015,494001,
2020-08-30,,,1,0,8,2333,2182,2894,140,28,786,2324,435,12928,270850,137043,494786,
2020-08-31,,,1,0,8,2334,2182,2902,138,28,776,2290,434,12759,270988,137072,495562,
2020-09-01,,,1,0,8,2335,2183,2909,136,28,766,2257,433,12592,271123,137100,496327,
