date,actual_deaths,total_deaths,predicted_deaths_mean,predicted_deaths_lower,predicted_deaths_upper,predicted_total_deaths_mean,predicted_total_deaths_lower,predicted_total_deaths_upper
2020-02-14,,,,,,,,
2020-02-15,,,,,,,,
2020-02-16,,,,,,,,
2020-02-17,,,,,,,,
2020-02-18,,,,,,,,
2020-02-19,,,,,,,,
2020-02-20,,,,,,,,
2020-02-21,,,,,,,,
2020-02-22,,,,,,,,
2020-02-23,,,,,,,,
2020-02-24,,,,,,,,
2020-02-25,,,,,,,,
2020-02-26,,,,,,,,
2020-02-27,,,,,,,,
2020-02-28,,,,,,,,
2020-02-29,,,,,,,,
2020-03-01,,,,,,,,
2020-03-02,,,,,,,,
2020-03-03,,,,,,,,
2020-03-04,,,,,,,,
2020-03-05,,,,,,,,
2020-03-06,,,,,,,,
2020-03-07,,,,,,,,
2020-03-08,,,,,,,,
2020-03-09,,,,,,,,
2020-03-10,,,,,,,,
2020-03-11,3,3,,,,,,
2020-03-12,0,3,,,,,,
2020-03-13,0,3,,,,,,
2020-03-14,1,4,,,,,,
2020-03-15,0,4,,,,,,
2020-03-16,1,5,,,,,,
2020-03-17,5,10,,,,,,
2020-03-18,4,14,,,,,,
2020-03-19,7,21,,,,,,
2020-03-20,16,37,,,,,,
2020-03-21,30,67,,,,,,
2020-03-22,8,75,,,,,,
2020-03-23,13,88,,,,,,
2020-03-24,34,122,,,,,,
2020-03-25,56,178,,,,,,
2020-03-26,42,220,,,,,,
2020-03-27,69,289,,,,,,
2020-03-28,64,353,,,,,,
2020-03-29,78,431,,,,,,
2020-03-30,82,513,,,,,,
2020-03-31,192,705,,,,,,
2020-04-01,123,828,,,,,,
2020-04-02,183,1011,,,,,,
2020-04-03,132,1143,,,,,,
2020-04-04,140,1283,,,,,,
2020-04-05,164,1447,,,,,,
2020-04-06,185,1632,,,,,,
2020-04-07,403,2035,,,,,,
2020-04-08,205,2240,,,,,,
2020-04-09,,,283,150,368,2523,2390,2608
2020-04-10,,,306,169,397,2829,2559,3006
2020-04-11,,,325,188,425,3153,2747,3431
2020-04-12,,,340,207,443,3493,2954,3874
2020-04-13,,,350,222,463,3843,3176,4337
2020-04-14,,,355,238,473,4199,3414,4810
2020-04-15,,,355,253,487,4554,3667,5297
2020-04-16,,,350,249,488,4904,3916,5785
2020-04-17,,,340,230,487,5245,4146,6272
2020-04-18,,,327,209,495,5572,4355,6767
2020-04-19,,,310,187,483,5882,4542,7250
2020-04-20,,,292,167,472,6173,4709,7721
2020-04-21,,,272,149,449,6445,4858,8170
2020-04-22,,,251,133,429,6696,4991,8599
2020-04-23,,,231,117,422,6927,5108,9021
2020-04-24,,,212,104,412,7139,5211,9434
2020-04-25,,,193,92,386,7332,5303,9819
2020-04-26,,,176,81,356,7508,5384,10175
2020-04-27,,,160,72,326,7668,5455,10501
2020-04-28,,,145,64,294,7812,5519,10795
2020-04-29,,,131,56,270,7944,5575,11065
2020-04-30,,,119,50,251,8062,5624,11316
2020-05-01,,,107,44,232,8170,5668,11547
2020-05-02,,,97,39,213,8267,5707,11760
2020-05-03,,,88,34,195,8355,5741,11955
2020-05-04,,,80,31,180,8435,5772,12134
2020-05-05,,,72,27,167,8507,5799,12302
2020-05-06,,,65,24,156,8572,5823,12458
2020-05-07,,,59,21,145,8632,5844,12603
2020-05-08,,,54,19,134,8686,5863,12737
2020-05-09,,,49,17,121,8735,5879,12858
2020-05-10,,,45,15,112,8779,5894,12970
2020-05-11,,,41,13,105,8820,5907,13075
2020-05-12,,,37,12,98,8857,5919,13173
2020-05-13,,,34,11,92,8891,5930,13265
2020-05-14,,,31,10,86,8922,5940,13351
2020-05-15,,,28,9,81,8950,5948,13432
2020-05-16,,,26,8,76,8975,5956,13508
2020-05-17,,,24,7,71,8999,5963,13578
2020-05-18,,,22,6,67,9021,5969,13645
2020-05-19,,,20,6,62,9040,5975,13707
2020-05-20,,,18,5,58,9059,5980,13766
2020-05-21,,,17,4,54,9076,5984,13820
2020-05-22,,,15,4,51,9091,5988,13871
2020-05-23,,,14,3,48,9105,5991,13919
2020-05-24,,,13,3,45,9118,5994,13964
2020-05-25,,,12,3,42,9130,5997,14006
2020-05-26,,,11,3,39,9142,6000,14045
2020-05-27,,,10,2,36,9152,6002,14081
2020-05-28,,,10,2,34,9162,6004,14116
2020-05-29,,,9,2,32,9171,6006,14148
2020-05-30,,,8,2,30,9179,6008,14178
2020-05-31,,,8,1,28,9186,6009,14205
2020-06-01,,,7,1,26,9193,6010,14232
2020-06-02,,,7,1,25,9200,6011,14256
2020-06-03,,,6,1,23,9206,6012,14279
2020-06-04,,,6,1,21,9212,6013,14301
2020-06-05,,,5,1,20,9217,6014,14321
2020-06-06,,,5,1,19,9222,6014,14340
2020-06-07,,,5,0,18,9227,6014,14358
2020-06-08,,,4,0,17,9231,6014,14375
2020-06-09,,,4,0,16,9235,6014,14391
2020-06-10,,,4,0,15,9239,6014,14406
2020-06-11,,,3,0,14,9242,6014,14420
2020-06-12,,,3,0,13,9245,6014,14433
2020-06-13,,,3,0,12,9248,6014,14445
2020-06-14,,,3,0,11,9251,6014,14457
2020-06-15,,,3,0,11,9253,6014,14468
2020-06-16,,,2,0,10,9256,6014,14478
2020-06-17,,,2,0,9,9258,6014,14487
2020-06-18,,,2,0,9,9259,6014,14496
2020-06-19,,,2,0,8,9261,6014,14504
2020-06-20,,,2,0,8,9263,6014,14512
2020-06-21,,,1,0,7,9264,6014,14519
2020-06-22,,,1,0,7,9265,6014,14526
2020-06-23,,,1,0,6,9267,6014,14532
2020-06-24,,,1,0,6,9267,6014,14538
2020-06-25,,,1,0,5,9268,6014,14543
2020-06-26,,,1,0,5,9269,6014,14548
2020-06-27,,,1,0,4,9270,6014,14552
2020-06-28,,,1,0,4,9271,6014,14556
2020-06-29,,,1,0,4,9271,6014,14560
2020-06-30,,,0,0,4,9271,6014,14564
