date,actual_deaths,total_deaths,predicted_deaths_mean,predicted_deaths_lower,predicted_deaths_upper,predicted_total_deaths_mean,predicted_total_deaths_lower,predicted_total_deaths_upper,predicted_new_infected_mean,predicted_new_infected_lower,predicted_new_infected_upper,predicted_current_infected_mean,predicted_current_infected_lower,predicted_current_infected_upper,predicted_total_infected_mean,predicted_total_infected_lower,predicted_total_infected_upper
2020-02-17,,,,,,,,,113,50,150,113,50,150,113,50,150
2020-02-18,,,,,,,,,113,50,150,227,100,300,227,100,300
2020-02-19,,,,,,,,,113,50,150,340,150,450,340,150,450
2020-02-20,,,,,,,,,113,50,150,454,200,600,454,200,600
2020-02-21,,,,,,,,,113,50,150,567,250,750,567,250,750
2020-02-22,,,,,,,,,113,50,150,681,300,900,681,300,900
2020-02-23,,,,,,,,,113,50,150,794,350,1050,794,350,1050
2020-02-24,,,,,,,,,113,50,150,907,400,1200,907,400,1200
2020-02-25,,,,,,,,,113,50,150,1021,450,1350,1021,450,1350
2020-02-26,,,,,,,,,321,149,446,1342,599,1796,1342,599,1796
2020-02-27,,,,,,,,,320,149,444,1662,749,2239,1662,749,2239
2020-02-28,,,,,,,,,338,159,470,2001,908,2709,2001,908,2709
2020-02-29,,,,,,,,,376,178,525,2376,1087,3234,2376,1087,3234
2020-03-01,,,,,,,,,453,219,638,2829,1306,3872,2829,1306,3872
2020-03-02,,,,,,,,,573,282,814,3401,1588,4685,3401,1588,4685
2020-03-03,,,,,,,,,668,333,950,3955,1872,5484,4069,1922,5634
2020-03-04,,,,,,,,,752,380,1070,4594,2203,6404,4821,2303,6704
2020-03-05,,,,,,,,,855,439,1223,5336,2592,7476,5676,2742,7926
2020-03-06,,,,,,,,,980,513,1405,6203,3056,8730,6657,3256,9330
2020-03-07,,,,,,,,,1137,607,1660,7227,3613,10239,7794,3863,10989
2020-03-08,,,,,,,,,1304,710,1904,8417,4274,11993,9098,4574,12893
2020-03-09,,,,,,,,,1475,822,2132,9779,5047,13974,10573,5397,15024
2020-03-10,,,,,,,,,1660,950,2397,11326,5948,16220,12233,6348,17420
2020-03-11,,,,,,,,,1862,1100,2696,13074,6998,18766,14094,7448,20116
2020-03-12,1,1,,,,,,,2081,1274,3051,14833,8122,21370,16175,8722,23166
2020-03-13,0,1,,,,,,,2306,1461,3286,16819,9434,24213,18481,10183,26452
2020-03-14,0,1,,,,,,,2527,1632,3510,19008,10907,27253,21008,11816,29961
2020-03-15,0,1,,,,,,,2740,1804,3708,21372,12534,30436,23748,13621,33669
2020-03-16,0,1,,,,,,,2940,1996,3899,23859,14311,33697,26688,15617,37568
2020-03-17,0,1,,,,,,,3124,2198,4070,26411,16227,36953,29812,17816,41637
2020-03-18,2,3,,,,,,,3287,2411,4207,29030,18305,40210,33099,20227,45844
2020-03-19,7,10,,,,,,,3425,2596,4309,31703,20521,43449,36525,22824,50152
2020-03-20,3,13,,,,,,,3536,2754,4397,34384,22835,46623,40061,25578,54548
2020-03-21,1,14,,,,,,,3621,2820,4485,37025,25142,49704,43682,28399,59033
2020-03-22,11,25,,,,,,,3682,2882,4551,39570,27417,52595,47364,31281,63584
2020-03-23,0,25,,,,,,,3721,2916,4602,41988,29623,55293,51086,34198,68185
2020-03-24,7,32,,,,,,,3742,2957,4604,44254,31757,57765,54827,37155,72788
2020-03-25,8,40,,,,,,,3747,2983,4625,46342,33790,59993,58575,40139,77413
2020-03-26,8,48,,,,,,,3740,3000,4582,48220,35691,61879,62315,43140,81994
2020-03-27,16,64,,,,,,,3725,3004,4516,49865,37422,63344,66040,46144,86510
2020-03-28,5,69,,,,,,,3702,3005,4455,51261,38966,64513,69741,49150,90965
2020-03-29,11,80,,,,,,,3673,2998,4435,52407,40332,65439,73415,52148,95400
2020-03-30,7,87,,,,,,,3641,2966,4376,53308,41493,66106,77056,55115,99775
2020-03-31,24,111,,,,,,,3605,2925,4348,53974,42423,66555,80661,58040,104123
2020-04-01,28,139,,,,,,,3567,2877,4297,54417,43102,66782,84229,60918,108419
2020-04-02,24,163,,,,,,,3528,2815,4273,54657,43505,66848,87757,63733,112692
2020-04-03,21,184,,,,,,,3488,2761,4253,54720,43670,66792,91244,66494,116944
2020-04-04,17,201,,,,,,,3447,2702,4235,54630,43618,66631,94691,69197,121179
2020-04-05,10,211,,,,,,,3406,2631,4209,54415,43430,66355,98097,71829,125387
2020-04-06,18,229,,,,,,,3364,2558,4205,54097,43106,66008,101461,74388,129591
2020-04-07,100,329,,,,,,,3323,2482,4166,53699,42672,65572,104785,76870,133756
2020-04-08,33,362,,,,,,,3283,2425,4169,53240,42140,65138,108068,79295,137925
2020-04-09,17,379,,,,,,,3243,2359,4183,52736,41516,64696,111310,81655,142108
2020-04-10,37,416,,,,,,,3203,2281,4198,52198,40796,64312,114513,83936,146306
2020-04-11,13,429,,,,,,,3164,2203,4208,51638,39995,64004,117677,86139,150513
2020-04-12,4,433,,,,,,,3125,2130,4214,51061,39120,63762,120802,88270,154726
2020-04-13,32,465,,,,,,,3087,2058,4211,50475,38180,63537,123890,90329,158936
2020-04-14,60,525,,,,,,,3050,1991,4203,49884,37206,63364,126940,92321,163139
2020-04-15,27,552,,,,,,,3014,1918,4207,49293,36198,63223,129954,94239,167345
2020-04-16,35,587,,,,,,,2978,1856,4217,48704,35177,63143,132932,96096,171562
2020-04-17,63,650,,,,,,,2943,1803,4227,48118,34166,63097,135875,97899,175788
2020-04-18,23,673,,,,,,,2908,1740,4236,47539,33145,63080,138783,99640,180023
2020-04-19,14,687,,,,,,,2875,1679,4244,46967,32122,63089,141658,101320,184267
2020-04-20,88,775,,,,,,,2841,1616,4253,46402,31107,63132,144499,102936,188519
2020-04-21,23,798,,,,,,,2809,1555,4260,45846,30104,63188,147308,104492,192779
2020-04-22,50,848,,,,,,,2777,1497,4260,45300,29119,63282,150085,105990,197038
2020-04-23,33,881,,,,,,,2745,1446,4258,44762,28140,63370,152830,107436,201295
2020-04-24,18,899,,,,,,,2715,1394,4255,44234,27175,63442,155545,108830,205550
2020-04-25,8,907,,,,,,,2684,1342,4255,43716,26237,63499,158229,110173,209804
2020-04-26,9,916,,,,,,,2655,1293,4266,43207,25326,63557,160884,111466,214070
2020-04-27,79,995,,,,,,,2754,1300,4502,42835,24496,63846,163638,112767,218571
2020-04-28,41,1036,,,,,,,2755,1265,4557,42503,23703,64192,166393,114032,223128
2020-04-29,65,1101,,,,,,,2759,1232,4646,42211,22944,64635,169152,115265,227774
2020-04-30,31,1132,,,,,,,2766,1201,4753,41964,22227,65182,171918,116466,232526
2020-05-01,37,1169,,,,,,,2785,1173,4895,41771,21543,65859,174703,117639,237421
2020-05-02,8,1177,,,,,,,2820,1140,5070,41647,20880,66702,177522,118780,242490
2020-05-03,7,1184,,,,,,,2849,1113,5266,41588,20253,67732,180371,119893,247755
2020-05-04,,,31,21,43,1215,1205,1227,2872,1085,5442,41585,19659,68931,183243,120979,253197
2020-05-05,,,31,20,43,1246,1226,1269,2895,1064,5624,41638,19107,70302,186137,122043,258820
2020-05-06,,,31,20,43,1277,1246,1311,2919,1037,5813,41748,18588,71855,189056,123081,264633
2020-05-07,,,30,19,43,1307,1265,1353,2949,1005,6029,41920,18095,73624,192005,124086,270662
2020-05-08,,,30,18,43,1337,1283,1395,2980,972,6253,42154,17622,75619,194984,125058,276914
2020-05-09,,,29,18,43,1366,1302,1437,3010,942,6484,42449,17170,77849,197994,126001,283398
2020-05-10,,,29,17,43,1395,1319,1480,3040,912,6716,42805,16740,80309,201034,126914,290113
2020-05-11,,,29,16,43,1424,1336,1522,3070,884,6954,43220,16332,82997,204104,127798,297067
2020-05-12,,,28,16,43,1452,1352,1564,3103,859,7203,43570,15890,85699,207207,128658,304269
2020-05-13,,,28,15,43,1481,1368,1607,3137,836,7461,43951,15461,88603,210344,129494,311730
2020-05-14,,,28,15,43,1508,1383,1650,3171,811,7725,44364,15040,91681,213515,130305,319455
2020-05-15,,,28,14,43,1536,1398,1692,3206,787,7997,44804,14626,94925,216722,131093,327451
2020-05-16,,,27,14,43,1563,1412,1735,3242,760,8275,45261,14214,98306,219964,131854,335726
2020-05-17,,,27,13,44,1591,1425,1779,3279,734,8560,45720,13808,101796,223242,132588,344285
2020-05-18,,,27,13,45,1618,1439,1823,3316,709,8851,46187,13404,105381,226558,133298,353136
2020-05-19,,,27,12,45,1645,1451,1868,3353,686,9146,46669,13005,109085,229911,133984,362282
2020-05-20,,,27,12,46,1673,1464,1913,3390,665,9442,47164,12606,112903,233302,134649,371723
2020-05-21,,,28,12,47,1700,1477,1960,3426,642,9732,47671,12210,116822,236728,135291,381455
2020-05-22,,,28,12,48,1728,1489,2007,3460,623,10010,48183,11829,120804,240187,135915,391465
2020-05-23,,,28,11,50,1756,1500,2057,3489,604,10265,48692,11461,124815,243677,136519,401729
2020-05-24,,,28,11,51,1784,1512,2108,3513,585,10481,49195,11104,128811,247190,137105,412209
2020-05-25,,,28,11,53,1813,1523,2160,3528,566,10644,49684,10757,132740,250718,137671,422852
2020-05-26,,,29,10,55,1842,1534,2215,3534,548,10747,50148,10421,136533,254252,138220,433599
2020-05-27,,,29,10,57,1871,1545,2271,3532,530,10794,50577,10093,140123,257784,138751,444392
2020-05-28,,,29,10,59,1900,1555,2330,3524,513,10800,50964,9770,143462,261308,139264,455191
2020-05-29,,,30,10,61,1929,1565,2390,3512,497,10785,51305,9456,146521,264820,139761,465975
2020-05-30,,,30,9,63,1959,1575,2453,3500,480,10760,51598,9149,149284,268320,140242,476735
2020-05-31,,,30,9,66,1989,1584,2518,3486,465,10729,51842,8853,151738,271806,140708,487463
2020-06-01,,,30,9,68,2020,1593,2586,3471,450,10691,52035,8569,153869,275277,141158,498153
2020-06-02,,,31,8,70,2050,1602,2655,3456,435,10646,52175,8295,155663,278733,141593,508799
2020-06-03,,,31,8,73,2082,1611,2728,3439,420,10597,52261,8029,157114,282172,142014,519395
2020-06-04,,,31,8,75,2113,1619,2802,3422,406,10546,52293,7770,158219,285594,142420,529941
2020-06-05,,,32,8,78,2145,1627,2880,3406,392,10495,52272,7521,158981,289000,142813,540436
2020-06-06,,,32,7,81,2177,1635,2960,3389,379,10443,52201,7277,159414,292389,143193,550878
2020-06-07,,,32,7,83,2209,1643,3043,3371,366,10388,52083,7039,159537,295760,143559,561266
2020-06-08,,,33,7,86,2242,1650,3129,3354,353,10332,51924,6808,159389,299114,143913,571597
2020-06-09,,,33,7,89,2275,1657,3217,3336,341,10275,51732,6582,159020,302450,144254,581872
2020-06-10,,,34,6,92,2309,1664,3309,3318,328,10217,51516,6362,158490,305768,144582,592088
2020-06-11,,,34,6,95,2343,1671,3403,3300,315,10158,51284,6147,157854,309068,144898,602246
2020-06-12,,,34,6,97,2377,1678,3500,3282,304,10098,51042,5937,157153,312349,145202,612343
2020-06-13,,,34,6,100,2411,1684,3599,3263,292,10037,50792,5733,156405,315612,145495,622379
2020-06-14,,,35,6,102,2446,1690,3701,3244,281,9975,50537,5534,155619,318857,145777,632354
2020-06-15,,,35,5,104,2481,1696,3804,3225,270,9912,50276,5340,154802,322082,146048,642265
2020-06-16,,,35,5,105,2516,1701,3909,3206,260,9848,50011,5150,153959,325288,146308,652112
2020-06-17,,,35,5,106,2551,1707,4015,3187,249,9783,49742,4965,153096,328475,146558,661894
2020-06-18,,,35,5,107,2586,1712,4122,3168,239,9717,49471,4784,152216,331643,146798,671611
2020-06-19,,,35,5,108,2621,1717,4229,3148,229,9651,49196,4607,151320,334790,147027,681261
2020-06-20,,,35,4,108,2656,1722,4336,3128,219,9583,48918,4433,150409,337919,147247,690844
2020-06-21,,,35,4,108,2691,1727,4443,3108,210,9515,48638,4264,149481,341027,147457,700359
2020-06-22,,,35,4,108,2726,1732,4550,3088,200,9447,48355,4098,148540,344115,147658,709805
2020-06-23,,,35,4,107,2761,1736,4657,3068,191,9377,48069,3935,147584,347183,147849,719181
2020-06-24,,,35,4,107,2795,1741,4763,3047,181,9307,47780,3776,146616,350230,148031,728487
2020-06-25,,,34,4,106,2830,1745,4869,3028,174,9237,47490,3622,145636,353258,148205,737724
2020-06-26,,,34,4,106,2864,1749,4975,3008,166,9167,47198,3473,144645,356266,148371,746890
2020-06-27,,,34,3,105,2898,1753,5080,2988,158,9096,46904,3328,143643,359254,148530,755986
2020-06-28,,,34,3,105,2932,1757,5184,2968,151,9022,46609,3187,142629,362222,148682,765008
2020-06-29,,,34,3,104,2965,1760,5288,2948,144,8951,46313,3049,141606,365170,148827,773959
2020-06-30,,,34,3,104,2999,1764,5391,2928,138,8880,46016,2917,140574,368098,148965,782839
2020-07-01,,,33,3,103,3032,1767,5494,2909,132,8809,45719,2789,139536,371007,149097,791647
2020-07-02,,,33,3,103,3066,1771,5596,2889,126,8737,45421,2665,138490,373896,149224,800384
2020-07-03,,,33,3,102,3099,1774,5697,2869,120,8665,45122,2547,137438,376765,149345,809048
2020-07-04,,,33,3,101,3131,1777,5798,2850,115,8593,44824,2432,136380,379615,149460,817640
2020-07-05,,,33,2,101,3164,1780,5899,2830,110,8520,44526,2323,135317,382444,149570,826160
2020-07-06,,,32,2,100,3196,1783,5998,2810,105,8448,44228,2218,134249,385255,149675,834608
2020-07-07,,,32,2,100,3229,1785,6098,2791,100,8374,43931,2118,133177,388046,149776,842981
2020-07-08,,,32,2,99,3261,1788,6196,2771,95,8302,43634,2022,132102,390817,149872,851283
2020-07-09,,,32,2,98,3293,1790,6294,2752,91,8229,43339,1932,131024,393569,149963,859511
2020-07-10,,,32,2,98,3324,1793,6391,2733,87,8156,43044,1845,129942,396302,150051,867666
2020-07-11,,,31,2,97,3356,1795,6487,2713,83,8083,42749,1762,128858,399015,150134,875748
2020-07-12,,,31,2,96,3387,1797,6583,2694,79,8009,42455,1683,127772,401709,150214,883757
2020-07-13,,,31,2,96,3418,1800,6678,2675,76,7936,42162,1607,126686,404383,150290,891693
2020-07-14,,,31,2,95,3449,1802,6773,2655,72,7863,41869,1535,125597,407039,150363,899555
2020-07-15,,,31,1,94,3480,1803,6867,2636,69,7790,41577,1467,124507,409675,150432,907345
2020-07-16,,,30,1,94,3510,1805,6960,2617,66,7717,41286,1400,123414,412293,150498,915061
2020-07-17,,,30,1,93,3540,1807,7052,2598,63,7643,40995,1337,122321,414891,150561,922704
2020-07-18,,,30,1,92,3570,1809,7144,2579,60,7570,40705,1277,121226,417470,150622,930274
2020-07-19,,,30,1,91,3600,1810,7235,2560,57,7497,40416,1219,120130,420030,150680,937770
2020-07-20,,,30,1,91,3630,1812,7325,2541,55,7422,40127,1164,119031,422572,150735,945191
2020-07-21,,,29,1,90,3660,1813,7414,2523,52,7347,39840,1112,117930,425095,150787,952537
2020-07-22,,,29,1,89,3689,1815,7503,2504,50,7272,39553,1061,116828,427599,150837,959809
2020-07-23,,,29,1,89,3718,1816,7591,2485,47,7196,39267,1013,115723,430084,150885,967005
2020-07-24,,,29,1,88,3747,1817,7678,2467,45,7124,38981,968,114617,432550,150931,974128
2020-07-25,,,29,1,87,3775,1819,7765,2448,43,7049,38697,924,113511,434998,150975,981177
2020-07-26,,,28,1,86,3804,1820,7851,2430,41,6975,38413,882,112404,437428,151017,988151
2020-07-27,,,28,1,86,3832,1821,7936,2411,39,6902,38130,842,111296,439839,151057,995053
2020-07-28,,,28,1,85,3860,1822,8021,2393,38,6828,37849,804,110188,442232,151095,1001881
2020-07-29,,,28,1,84,3888,1823,8104,2374,36,6755,37568,768,109080,444606,151131,1008635
2020-07-30,,,28,0,84,3916,1824,8187,2356,34,6682,37287,733,107973,446963,151166,1015317
2020-07-31,,,28,0,83,3944,1825,8270,2338,33,6619,37008,700,106875,449301,151199,1021935
2020-08-01,,,27,0,82,3971,1826,8351,2320,31,6548,36730,669,105779,451621,151231,1028482
2020-08-02,,,27,0,81,3998,1826,8432,2302,30,6477,36453,638,104686,453923,151261,1034959
2020-08-03,,,27,0,81,4025,1827,8512,2284,28,6406,36177,610,103595,456207,151290,1041365
2020-08-04,,,27,0,80,4052,1828,8592,2266,27,6336,35901,582,102510,458473,151317,1047700
