date,actual_deaths,total_deaths,predicted_deaths_mean,predicted_deaths_lower,predicted_deaths_upper,predicted_total_deaths_mean,predicted_total_deaths_lower,predicted_total_deaths_upper
2020-02-26,,,,,,,,
2020-02-27,,,,,,,,
2020-02-28,,,,,,,,
2020-02-29,,,,,,,,
2020-03-01,,,,,,,,
2020-03-02,,,,,,,,
2020-03-03,,,,,,,,
2020-03-04,,,,,,,,
2020-03-05,,,,,,,,
2020-03-06,,,,,,,,
2020-03-07,,,,,,,,
2020-03-08,,,,,,,,
2020-03-09,,,,,,,,
2020-03-10,,,,,,,,
2020-03-11,,,,,,,,
2020-03-12,,,,,,,,
2020-03-13,,,,,,,,
2020-03-14,,,,,,,,
2020-03-15,,,,,,,,
2020-03-16,,,,,,,,
2020-03-17,,,,,,,,
2020-03-18,,,,,,,,
2020-03-19,,,,,,,,
2020-03-20,,,,,,,,
2020-03-21,1,1,,,,,,
2020-03-22,0,1,,,,,,
2020-03-23,0,1,,,,,,
2020-03-24,0,1,,,,,,
2020-03-25,2,3,,,,,,
2020-03-26,2,5,,,,,,
2020-03-27,2,7,,,,,,
2020-03-28,2,9,,,,,,
2020-03-29,2,11,,,,,,
2020-03-30,2,13,,,,,,
2020-03-31,4,17,,,,,,
2020-04-01,0,17,,,,,,
2020-04-02,2,19,,,,,,
2020-04-03,1,20,,,,,,
2020-04-04,5,25,,,,,,
2020-04-05,2,27,,,,,,
2020-04-06,0,27,,,,,,
2020-04-07,7,34,,,,,,
2020-04-08,6,40,,,,,,
2020-04-09,2,42,,,,,,
2020-04-10,6,48,,,,,,
2020-04-11,1,49,,,,,,
2020-04-12,7,56,,,,,,
2020-04-13,3,59,,,,,,
2020-04-14,,,6,4,8,65,63,67
2020-04-15,,,7,4,9,72,67,76
2020-04-16,,,7,4,10,79,71,86
2020-04-17,,,7,4,10,86,75,96
2020-04-18,,,8,3,11,94,78,107
2020-04-19,,,8,3,12,101,81,119
2020-04-20,,,8,3,13,109,84,132
2020-04-21,,,8,3,14,117,87,146
2020-04-22,,,8,3,15,125,90,161
2020-04-23,,,8,3,15,133,93,176
2020-04-24,,,8,2,16,141,95,192
2020-04-25,,,8,2,16,149,97,208
2020-04-26,,,8,2,16,157,99,224
2020-04-27,,,8,2,16,165,101,240
2020-04-28,,,7,2,16,172,103,256
2020-04-29,,,7,2,16,179,105,272
2020-04-30,,,7,1,16,186,106,288
2020-05-01,,,7,1,15,192,107,303
2020-05-02,,,6,1,15,199,108,318
2020-05-03,,,6,1,15,205,109,333
2020-05-04,,,6,1,15,210,110,348
2020-05-05,,,6,1,15,216,111,362
2020-05-06,,,5,1,14,221,112,376
2020-05-07,,,5,1,14,226,113,390
2020-05-08,,,5,1,13,231,114,403
2020-05-09,,,5,1,13,236,115,416
2020-05-10,,,5,1,13,241,116,429
2020-05-11,,,4,1,12,245,117,441
2020-05-12,,,4,1,12,249,118,453
2020-05-13,,,4,1,12,253,119,465
2020-05-14,,,4,1,11,257,120,476
2020-05-15,,,4,1,11,260,121,487
2020-05-16,,,4,1,11,264,122,498
2020-05-17,,,3,0,11,267,123,509
2020-05-18,,,3,0,11,271,123,520
2020-05-19,,,3,0,10,274,123,530
2020-05-20,,,3,0,10,277,123,540
2020-05-21,,,3,0,10,280,123,550
2020-05-22,,,3,0,10,282,123,560
2020-05-23,,,3,0,9,285,123,568
2020-05-24,,,3,0,9,288,123,578
2020-05-25,,,2,0,9,290,123,586
2020-05-26,,,2,0,9,292,123,596
2020-05-27,,,2,0,9,295,123,604
2020-05-28,,,2,0,9,297,123,613
2020-05-29,,,2,0,9,299,123,621
2020-05-30,,,2,0,8,301,123,629
2020-05-31,,,2,0,8,303,123,637
2020-06-01,,,2,0,8,305,123,645
2020-06-02,,,2,0,8,307,123,653
2020-06-03,,,2,0,8,309,123,661
2020-06-04,,,2,0,7,310,123,668
2020-06-05,,,2,0,7,312,123,675
2020-06-06,,,2,0,7,314,123,682
2020-06-07,,,2,0,7,315,123,689
2020-06-08,,,1,0,7,317,123,696
2020-06-09,,,1,0,7,318,123,702
2020-06-10,,,1,0,6,319,123,708
2020-06-11,,,1,0,6,321,123,714
2020-06-12,,,1,0,6,322,123,720
2020-06-13,,,1,0,6,323,123,726
2020-06-14,,,1,0,6,324,123,732
2020-06-15,,,1,0,6,326,123,738
2020-06-16,,,1,0,6,327,123,744
2020-06-17,,,1,0,6,328,123,750
2020-06-18,,,1,0,6,329,123,756
2020-06-19,,,1,0,6,330,123,762
2020-06-20,,,1,0,5,331,123,766
2020-06-21,,,1,0,5,332,123,772
2020-06-22,,,1,0,5,333,123,776
2020-06-23,,,1,0,5,333,123,782
2020-06-24,,,1,0,5,334,123,786
2020-06-25,,,1,0,5,335,123,792
2020-06-26,,,1,0,5,336,123,796
2020-06-27,,,1,0,5,337,123,802
2020-06-28,,,1,0,5,337,123,806
2020-06-29,,,1,0,5,338,123,811
2020-06-30,,,1,0,4,339,123,815
2020-07-01,,,1,0,4,339,123,819
2020-07-02,,,1,0,4,340,123,823
2020-07-03,,,1,0,4,341,123,827
2020-07-04,,,1,0,4,341,123,831
2020-07-05,,,1,0,4,342,123,835
2020-07-06,,,1,0,4,342,123,839
2020-07-07,,,1,0,4,343,123,843
2020-07-08,,,0,0,4,343,123,847
2020-07-09,,,0,0,4,344,123,851
2020-07-10,,,0,0,4,344,123,854
2020-07-11,,,0,0,4,345,123,858
2020-07-12,,,0,0,3,345,123,861
2020-07-13,,,0,0,3,345,123,864
2020-07-14,,,0,0,3,346,123,867
2020-07-15,,,0,0,3,346,123,870
2020-07-16,,,0,0,3,347,123,873
2020-07-17,,,0,0,3,347,123,876
2020-07-18,,,0,0,3,347,123,879
2020-07-19,,,0,0,3,348,123,882
2020-07-20,,,0,0,3,348,123,885
2020-07-21,,,0,0,3,348,123,888
2020-07-22,,,0,0,3,349,123,891
2020-07-23,,,0,0,3,349,123,894
2020-07-24,,,0,0,3,349,123,897
2020-07-25,,,0,0,2,349,123,899
2020-07-26,,,0,0,2,350,123,901
2020-07-27,,,0,0,2,350,123,903
2020-07-28,,,0,0,2,350,123,905
2020-07-29,,,0,0,2,350,123,907
2020-07-30,,,0,0,2,350,123,909
2020-07-31,,,0,0,2,351,123,911
2020-08-01,,,0,0,2,351,123,913
2020-08-02,,,0,0,2,351,123,915
2020-08-03,,,0,0,2,351,123,917
2020-08-04,,,0,0,2,351,123,919
