date,actual_deaths,total_deaths,predicted_deaths_mean,predicted_deaths_lower,predicted_deaths_upper,predicted_total_deaths_mean,predicted_total_deaths_lower,predicted_total_deaths_upper
2020-02-13,,,,,,,,
2020-02-14,,,,,,,,
2020-02-15,,,,,,,,
2020-02-16,,,,,,,,
2020-02-17,,,,,,,,
2020-02-18,,,,,,,,
2020-02-19,,,,,,,,
2020-02-20,,,,,,,,
2020-02-21,,,,,,,,
2020-02-22,,,,,,,,
2020-02-23,,,,,,,,
2020-02-24,,,,,,,,
2020-02-25,,,,,,,,
2020-02-26,,,,,,,,
2020-02-27,,,,,,,,
2020-02-28,,,,,,,,
2020-02-29,,,,,,,,
2020-03-01,,,,,,,,
2020-03-02,,,,,,,,
2020-03-03,,,,,,,,
2020-03-04,,,,,,,,
2020-03-05,,,,,,,,
2020-03-06,,,,,,,,
2020-03-07,,,,,,,,
2020-03-08,,,,,,,,
2020-03-09,2,2,,,,,,
2020-03-10,0,2,,,,,,
2020-03-11,1,3,,,,,,
2020-03-12,0,3,,,,,,
2020-03-13,4,7,,,,,,
2020-03-14,2,9,,,,,,
2020-03-15,2,11,,,,,,
2020-03-16,6,17,,,,,,
2020-03-17,7,24,,,,,,
2020-03-18,4,28,,,,,,
2020-03-19,16,44,,,,,,
2020-03-20,23,67,,,,,,
2020-03-21,17,84,,,,,,
2020-03-22,10,94,,,,,,
2020-03-23,29,123,,,,,,
2020-03-24,34,157,,,,,,
2020-03-25,49,206,,,,,,
2020-03-26,61,267,,,,,,
2020-03-27,75,342,,,,,,
2020-03-28,91,433,,,,,,
2020-03-29,100,533,,,,,,
2020-03-30,112,645,,,,,,
2020-03-31,130,775,,,,,,
2020-04-01,145,920,,,,,,
2020-04-02,187,1107,,,,,,
2020-04-03,168,1275,,,,,,
2020-04-04,169,1444,,,,,,
2020-04-05,140,1584,,,,,,
2020-04-06,226,1810,,,,,,
2020-04-07,206,2016,,,,,,
2020-04-08,333,2349,,,,,,
2020-04-09,258,2607,,,,,,
2020-04-10,129,2736,,,,,,
2020-04-11,0,2736,,,,,,
2020-04-12,,,233,186,266,2969,2922,3002
2020-04-13,,,228,175,266,3198,3098,3268
2020-04-14,,,222,164,264,3419,3261,3532
2020-04-15,,,214,153,262,3634,3414,3794
2020-04-16,,,207,143,257,3840,3557,4052
2020-04-17,,,199,130,255,4039,3687,4307
2020-04-18,,,191,119,252,4229,3806,4560
2020-04-19,,,182,109,249,4412,3915,4809
2020-04-20,,,175,100,244,4586,4014,5052
2020-04-21,,,167,91,240,4754,4105,5292
2020-04-22,,,160,82,235,4913,4187,5527
2020-04-23,,,153,75,230,5066,4262,5758
2020-04-24,,,146,68,226,5212,4330,5983
2020-04-25,,,140,62,222,5352,4392,6206
2020-04-26,,,134,56,218,5486,4448,6424
2020-04-27,,,128,52,215,5614,4500,6640
2020-04-28,,,123,48,212,5736,4548,6852
2020-04-29,,,117,44,208,5853,4592,7060
2020-04-30,,,112,41,205,5966,4633,7265
2020-05-01,,,108,38,202,6074,4671,7467
2020-05-02,,,103,35,198,6177,4706,7665
2020-05-03,,,99,32,195,6276,4738,7860
2020-05-04,,,95,29,191,6372,4767,8052
2020-05-05,,,92,27,188,6463,4794,8240
2020-05-06,,,88,24,185,6552,4818,8425
2020-05-07,,,85,22,182,6636,4840,8607
2020-05-08,,,82,21,178,6718,4861,8785
2020-05-09,,,79,19,176,6797,4880,8961
2020-05-10,,,76,17,173,6872,4897,9134
2020-05-11,,,73,16,170,6945,4913,9303
2020-05-12,,,70,15,167,7016,4928,9470
2020-05-13,,,68,14,164,7083,4942,9634
2020-05-14,,,66,12,161,7149,4954,9794
2020-05-15,,,63,12,158,7212,4966,9952
2020-05-16,,,61,11,155,7274,4977,10107
2020-05-17,,,59,10,152,7333,4987,10260
2020-05-18,,,57,9,150,7390,4996,10409
2020-05-19,,,55,9,146,7445,5005,10556
2020-05-20,,,54,8,144,7499,5013,10700
2020-05-21,,,52,7,142,7551,5020,10842
2020-05-22,,,50,7,139,7601,5027,10981
2020-05-23,,,49,6,136,7649,5033,11117
2020-05-24,,,47,6,134,7697,5039,11252
2020-05-25,,,46,6,132,7742,5045,11384
2020-05-26,,,44,5,129,7787,5050,11513
2020-05-27,,,43,5,127,7830,5055,11640
2020-05-28,,,42,5,125,7872,5060,11765
2020-05-29,,,41,4,123,7912,5064,11888
2020-05-30,,,39,4,121,7951,5068,12009
2020-05-31,,,38,4,119,7990,5072,12128
2020-06-01,,,37,4,116,8027,5076,12244
2020-06-02,,,36,3,114,8063,5079,12359
2020-06-03,,,35,3,112,8098,5082,12471
2020-06-04,,,34,3,110,8132,5085,12582
2020-06-05,,,33,3,108,8165,5088,12690
2020-06-06,,,32,3,106,8197,5091,12796
2020-06-07,,,31,3,105,8229,5094,12902
2020-06-08,,,31,3,103,8259,5097,13005
2020-06-09,,,30,2,102,8289,5099,13106
2020-06-10,,,29,2,100,8318,5101,13207
2020-06-11,,,28,2,98,8346,5103,13305
2020-06-12,,,27,2,96,8373,5105,13402
2020-06-13,,,27,2,95,8399,5107,13497
2020-06-14,,,26,2,93,8425,5109,13590
2020-06-15,,,25,2,91,8451,5111,13681
2020-06-16,,,25,2,90,8475,5113,13771
2020-06-17,,,24,2,88,8499,5115,13860
2020-06-18,,,23,2,87,8522,5117,13946
2020-06-19,,,23,1,85,8545,5118,14032
2020-06-20,,,22,1,84,8567,5119,14116
2020-06-21,,,21,1,82,8588,5120,14198
2020-06-22,,,21,1,80,8609,5121,14278
2020-06-23,,,20,1,79,8629,5122,14356
2020-06-24,,,20,1,77,8649,5123,14434
2020-06-25,,,19,1,76,8668,5124,14510
2020-06-26,,,19,1,74,8687,5125,14584
2020-06-27,,,18,1,73,8705,5126,14656
2020-06-28,,,18,1,71,8723,5127,14728
2020-06-29,,,17,1,70,8740,5128,14798
2020-06-30,,,17,1,68,8757,5129,14866
2020-07-01,,,16,1,67,8774,5130,14932
2020-07-02,,,16,1,66,8790,5131,14998
2020-07-03,,,16,1,64,8805,5132,15062
2020-07-04,,,15,0,63,8820,5132,15126
2020-07-05,,,15,0,62,8835,5132,15188
2020-07-06,,,14,0,60,8849,5132,15248
2020-07-07,,,14,0,59,8863,5132,15306
2020-07-08,,,13,0,58,8876,5132,15364
2020-07-09,,,13,0,57,8889,5132,15422
2020-07-10,,,13,0,56,8902,5132,15478
2020-07-11,,,12,0,54,8914,5132,15532
2020-07-12,,,12,0,53,8926,5132,15584
2020-07-13,,,12,0,52,8937,5132,15636
2020-07-14,,,11,0,51,8948,5132,15688
2020-07-15,,,11,0,50,8959,5132,15738
2020-07-16,,,11,0,49,8970,5132,15786
2020-07-17,,,10,0,48,8980,5132,15834
2020-07-18,,,10,0,47,8990,5132,15882
2020-07-19,,,10,0,46,8999,5132,15928
2020-07-20,,,9,0,45,9009,5132,15972
2020-07-21,,,9,0,44,9018,5132,16016
2020-07-22,,,9,0,43,9027,5132,16060
2020-07-23,,,9,0,42,9035,5132,16102
2020-07-24,,,8,0,41,9044,5132,16142
2020-07-25,,,8,0,40,9052,5132,16182
2020-07-26,,,8,0,40,9060,5132,16222
2020-07-27,,,8,0,39,9067,5132,16262
2020-07-28,,,7,0,38,9075,5132,16300
2020-07-29,,,7,0,37,9082,5132,16336
2020-07-30,,,7,0,36,9089,5132,16372
2020-07-31,,,7,0,36,9096,5132,16408
2020-08-01,,,7,0,35,9103,5132,16444
2020-08-02,,,7,0,34,9109,5132,16478
2020-08-03,,,6,0,33,9116,5132,16510
2020-08-04,,,6,0,33,9122,5132,16544
