date,actual_deaths,total_deaths,predicted_deaths_mean,predicted_deaths_lower,predicted_deaths_upper,predicted_total_deaths_mean,predicted_total_deaths_lower,predicted_total_deaths_upper,predicted_new_infected_mean,predicted_new_infected_lower,predicted_new_infected_upper,predicted_current_infected_mean,predicted_current_infected_lower,predicted_current_infected_upper,predicted_total_infected_mean,predicted_total_infected_lower,predicted_total_infected_upper,r_values_mean
2020-02-27,,,,,,,,,31,25,40,31,25,40,31,25,40,1.31754385965
2020-02-28,,,,,,,,,31,25,40,63,50,80,63,50,80,1.30123835821
2020-02-29,,,,,,,,,31,25,40,94,75,120,94,75,120,1.29492860159
2020-03-01,,,,,,,,,31,25,40,126,100,160,126,100,160,1.2861063133
2020-03-02,,,,,,,,,31,25,40,157,125,200,157,125,200,1.27379112782
2020-03-03,,,,,,,,,31,25,40,188,150,240,188,150,240,1.25670889706
2020-03-04,,,,,,,,,31,25,40,220,175,280,220,175,280,1.23334023282
2020-03-05,,,,,,,,,31,25,40,251,200,320,251,200,320,1.20213735362
2020-03-06,,,,,,,,,31,25,40,283,225,360,283,225,360,1.16195027238
2020-03-07,,,,,,,,,65,44,98,348,269,458,348,269,458,1.11235680665
2020-03-08,,,,,,,,,63,44,92,411,313,549,411,313,549,1.05455018444
2020-03-09,,,,,,,,,62,44,88,473,358,637,473,358,637,0.990169304013
2020-03-10,,,,,,,,,63,44,87,536,402,723,536,402,723,0.921560994327
2020-03-11,,,,,,,,,65,46,91,601,449,813,601,449,813,0.851197047363
2020-03-12,,,,,,,,,70,48,98,671,497,911,671,497,911,0.78147949961
2020-03-13,,,,,,,,,70,49,99,710,522,970,741,547,1010,0.714577800545
2020-03-14,,,,,,,,,69,48,96,747,545,1025,810,595,1105,0.652302428271
2020-03-15,,,,,,,,,66,47,92,782,568,1077,876,643,1197,0.596042487608
2020-03-16,,,,,,,,,64,46,88,815,589,1124,940,689,1284,0.546758393095
2020-03-17,,,,,,,,,62,45,84,845,610,1168,1002,735,1368,0.504990059286
2020-03-18,,,,,,,,,60,44,80,874,630,1207,1062,780,1447,0.47083018279
2020-03-19,,,,,,,,,57,44,74,900,649,1241,1119,824,1521,0.443883219235
2020-03-20,,,,,,,,,55,43,70,923,667,1270,1174,867,1590,0.423306476184
2020-03-21,,,,,,,,,53,42,66,944,685,1296,1227,910,1656,0.407985663517
2020-03-22,1,1,,,,,,,51,41,62,930,681,1261,1278,951,1718,0.39676681364
2020-03-23,0,1,,,,,,,49,40,59,916,678,1228,1327,992,1776,0.388627074083
2020-03-24,2,3,,,,,,,47,39,56,901,673,1196,1374,1031,1832,0.382744531428
2020-03-25,0,3,,,,,,,46,38,54,884,667,1163,1420,1070,1885,0.378496099713
2020-03-26,0,3,,,,,,,45,37,52,863,658,1124,1464,1107,1936,0.375424303104
2020-03-27,2,5,,,,,,,43,36,51,837,646,1076,1508,1144,1987,0.373198593383
2020-03-28,0,5,,,,,,,42,35,50,809,632,1027,1550,1179,2036,0.371581778312
2020-03-29,0,5,,,,,,,41,33,49,782,617,980,1591,1212,2085,0.370403991439
2020-03-30,2,7,,,,,,,40,32,48,755,602,936,1632,1245,2132,0.369543512652
2020-03-31,1,8,,,,,,,39,31,47,731,587,894,1671,1276,2178,0.368912959524
2020-04-01,1,9,,,,,,,39,30,45,708,572,856,1710,1307,2223,0.368449444223
2020-04-02,1,10,,,,,,,38,29,44,686,556,821,1748,1337,2267,0.368107582595
2020-04-03,1,11,,,,,,,37,28,43,666,541,790,1785,1366,2310,0.367854530151
2020-04-04,0,11,,,,,,,36,27,43,647,526,762,1821,1394,2352,0.367666452264
2020-04-05,-2,9,,,,,,,36,27,42,630,511,738,1857,1421,2393,0.367526007954
2020-04-06,0,9,,,,,,,35,26,41,615,496,716,1892,1447,2433,0.367420550591
2020-04-07,0,9,,,,,,,34,25,40,600,481,697,1927,1473,2473,0.367340837035
2020-04-08,0,9,,,,,,,34,24,39,587,466,681,1961,1498,2512,0.367280098449
2020-04-09,1,10,,,,,,,33,24,39,574,452,666,1994,1522,2550,0.367233369333
2020-04-10,0,10,,,,,,,33,23,38,562,438,652,2026,1546,2587,0.367197001537
2020-04-11,0,10,,,,,,,32,23,37,551,425,638,2059,1569,2624,0.367168311221
2020-04-12,1,11,,,,,,,31,22,37,540,413,625,2090,1592,2660,0.367145321714
2020-04-13,1,12,,,,,,,31,22,36,530,402,611,2121,1614,2696,0.367126575748
2020-04-14,0,12,,,,,,,30,21,35,520,391,599,2151,1636,2730,0.367110998066
2020-04-15,0,12,,,,,,,30,21,35,510,381,587,2181,1658,2764,0.367097124831
2020-04-16,0,12,,,,,,,29,21,34,500,371,575,2210,1679,2798,0.367085057786
2020-04-17,0,12,,,,,,,29,20,33,491,362,564,2239,1699,2831,0.367074555199
2020-04-18,0,12,,,,,,,28,20,33,482,353,553,2267,1720,2863,0.367065153307
2020-04-19,0,12,,,,,,,28,19,32,473,345,543,2295,1739,2894,0.367056139607
2020-04-20,0,12,,,,,,,27,19,31,465,337,533,2322,1759,2925,0.367047504591
2020-04-21,0,12,,,,,,,26,18,31,456,330,522,2348,1778,2955,0.367041497746
2020-04-22,1,13,,,,,,,26,18,30,447,323,512,2374,1796,2985,0.367035641457
2020-04-23,0,13,,,,,,,25,18,29,439,316,503,2399,1814,3014,0.367029949968
2020-04-24,1,14,,,,,,,25,17,29,431,309,493,2424,1832,3042,0.367024444784
2020-04-25,0,14,,,,,,,24,17,28,422,303,483,2449,1849,3070,0.36701915819
2020-04-26,0,14,,,,,,,24,16,28,414,296,473,2472,1866,3097,0.367014138512
2020-04-27,1,15,,,,,,,23,16,27,406,290,464,2496,1883,3123,0.367009457986
2020-04-28,0,15,,,,,,,23,16,26,397,284,454,2518,1899,3149,0.367005224486
2020-04-29,0,15,,,,,,,22,15,26,389,278,445,2540,1915,3174,0.367001599037
2020-04-30,0,15,,,,,,,22,15,25,381,272,435,2562,1930,3199,0.366998821925
2020-05-01,0,15,,,,,,,21,14,24,373,266,426,2583,1945,3223,0.366997251645
2020-05-02,0,15,,,,,,,20,14,24,364,260,416,2603,1960,3246,0.366997422982
2020-05-03,0,15,,,,,,,20,14,23,356,254,407,2623,1974,3269,0.367000133598
2020-05-04,0,15,,,,,,,19,13,23,348,248,397,2643,1988,3291,0.367006573086
2020-05-05,0,15,,,,,,,19,13,22,340,242,388,2662,2001,3312,0.367018515216
2020-05-06,0,15,,,,,,,18,12,21,332,236,378,2680,2014,3333,0.367038604112
2020-05-07,0,15,,,,,,,18,12,21,324,230,369,2698,2027,3353,0.36707077981
2020-05-08,0,15,,,,,,,17,12,20,316,224,360,2715,2039,3373,0.367120910068
2020-05-09,0,15,,,,,,,17,11,19,307,218,350,2732,2051,3392,0.367197726162
2020-05-10,1,16,,,,,,,16,11,19,299,212,341,2748,2062,3410,0.367314203961
2020-05-11,0,16,,,,,,,16,11,18,291,206,331,2764,2073,3428,0.367489591186
2020-05-12,0,16,,,,,,,15,10,18,283,200,322,2779,2084,3445,0.367752358864
2020-05-13,1,17,,,,,,,15,10,17,275,195,313,2793,2094,3461,0.368144444664
2020-05-14,0,17,,,,,,,14,9,16,267,189,303,2807,2104,3477,0.368727235654
2020-05-15,0,17,,,,,,,14,9,16,259,183,294,2821,2113,3492,0.369589745518
2020-05-16,0,17,,,,,,,13,9,15,251,177,284,2834,2122,3507,0.370859230416
2020-05-17,0,17,,,,,,,12,8,15,243,171,275,2846,2131,3521,0.372713758941
2020-05-18,0,17,,,,,,,12,8,14,235,165,266,2858,2140,3534,0.375394477226
2020-05-19,0,17,,,,,,,11,8,13,227,160,257,2870,2148,3547,0.379211773301
2020-05-20,0,17,,,,,,,11,7,13,219,154,248,2881,2155,3560,0.384533855353
2020-05-21,0,17,,,,,,,11,7,13,211,148,239,2891,2163,3572,0.391740024896
2020-05-22,0,17,,,,,,,10,7,12,204,143,231,2901,2170,3584,0.401120856084
2020-05-23,0,17,,,,,,,10,6,12,196,137,223,2911,2177,3595,0.412726819417
2020-05-24,0,17,,,,,,,9,6,12,189,132,215,2920,2183,3607,0.42621499027
2020-05-25,0,17,,,,,,,9,6,11,182,127,208,2929,2189,3617,0.440796816384
2020-05-26,0,17,,,,,,,9,5,11,174,122,200,2938,2195,3628,0.451795579126
2020-05-27,0,17,,,,,,,8,5,10,167,117,193,2946,2201,3638,0.462317174558
2020-05-28,0,17,,,,,,,8,5,10,161,112,186,2954,2206,3647,0.471963824695
2020-05-29,0,17,,,,,,,8,5,10,154,107,180,2961,2212,3657,0.480469943936
2020-05-30,0,17,,,,,,,8,5,10,148,103,174,2969,2217,3666,0.487716191378
2020-05-31,0,17,,,,,,,7,5,10,143,99,169,2976,2222,3675,0.493709945141
2020-06-01,0,17,,,,,,,7,5,9,137,95,163,2984,2227,3684,0.498548026113
2020-06-02,0,17,,,,,,,7,4,9,133,92,159,2991,2232,3693,0.502376768581
2020-06-03,0,17,,,,,,,7,4,9,128,89,155,2998,2237,3701,0.505359530042
2020-06-04,0,17,,,,,,,7,4,9,124,86,151,3005,2242,3710,0.507654869601
2020-06-05,0,17,,,,,,,7,4,9,120,84,147,3012,2247,3719,0.509404511394
2020-06-06,1,18,,,,,,,7,4,9,117,81,144,3018,2252,3727,0.510728495321
2020-06-07,0,18,,,,,,,7,4,9,114,79,141,3025,2256,3736,0.511724795659
2020-06-08,0,18,,,,,,,7,4,9,112,77,138,3032,2261,3744,0.512471305508
2020-06-09,0,18,,,,,,,7,4,9,109,76,135,3039,2266,3752,0.513028795452
2020-06-10,0,18,,,,,,,7,4,9,108,75,133,3045,2271,3761,0.513444030744
2020-06-11,0,18,,,,,,,7,4,9,106,74,132,3052,2275,3769,0.513752641033
2020-06-12,0,18,,,,,,,7,4,9,105,73,130,3059,2280,3777,0.513981573615
2020-06-13,0,18,,,,,,,7,4,9,104,72,129,3066,2284,3785,0.514151099362
2020-06-14,0,18,,,,,,,7,4,9,103,72,128,3072,2289,3793,0.514276406113
2020-06-15,0,18,,,,,,,7,4,9,102,71,127,3079,2294,3801,0.514368839608
2020-06-16,,,0,0,1,18,18,19,7,4,9,102,71,126,3085,2298,3809,
2020-06-17,,,0,0,1,18,18,19,7,4,8,101,70,125,3092,2303,3817,
2020-06-18,,,0,0,1,18,18,19,7,4,8,101,70,124,3099,2307,3825,
2020-06-19,,,0,0,1,18,18,19,7,4,8,100,69,124,3105,2312,3833,
2020-06-20,,,0,0,1,18,18,19,7,4,8,100,69,123,3112,2317,3841,
2020-06-21,,,0,0,1,18,18,19,7,4,8,100,69,122,3118,2321,3849,
2020-06-22,,,0,0,1,18,18,19,7,4,8,100,69,122,3125,2326,3857,
2020-06-23,,,0,0,1,18,18,19,7,4,8,99,69,121,3131,2330,3865,
2020-06-24,,,0,0,1,18,18,19,7,4,8,99,68,121,3138,2335,3873,
2020-06-25,,,0,0,1,18,18,19,7,4,8,99,68,120,3144,2339,3881,
2020-06-26,,,0,0,1,18,18,19,7,4,8,99,68,120,3151,2344,3888,
2020-06-27,,,0,0,1,18,18,19,7,4,8,99,68,120,3157,2348,3896,
2020-06-28,,,0,0,1,19,18,19,6,4,8,98,68,119,3164,2353,3904,
2020-06-29,,,0,0,1,19,18,19,6,4,8,98,68,119,3170,2357,3912,
2020-06-30,,,0,0,1,19,18,19,6,4,8,98,68,119,3177,2362,3920,
2020-07-01,,,0,0,1,19,18,19,6,4,8,98,68,119,3183,2366,3927,
2020-07-02,,,0,0,1,19,18,19,6,4,8,98,68,118,3190,2371,3935,
2020-07-03,,,0,0,1,19,18,19,6,4,8,98,67,118,3196,2375,3943,
2020-07-04,,,0,0,1,19,18,19,6,4,8,97,67,118,3203,2380,3950,
2020-07-05,,,0,0,1,19,18,19,6,4,8,97,67,118,3209,2384,3958,
2020-07-06,,,0,0,1,19,18,20,6,4,8,97,67,117,3215,2389,3966,
2020-07-07,,,0,0,1,19,18,20,6,4,8,97,67,117,3222,2393,3973,
2020-07-08,,,0,0,1,19,18,20,6,4,8,97,67,117,3228,2398,3981,
2020-07-09,,,0,0,1,19,18,20,6,4,8,96,67,116,3234,2402,3989,
2020-07-10,,,0,0,1,19,18,20,6,4,8,96,67,116,3241,2406,3996,
2020-07-11,,,0,0,1,19,18,20,6,4,8,96,67,116,3247,2411,4004,
2020-07-12,,,0,0,1,19,18,20,6,4,8,96,66,116,3253,2415,4011,
2020-07-13,,,0,0,1,19,18,20,6,4,8,95,66,115,3259,2420,4019,
2020-07-14,,,0,0,1,19,18,20,6,4,8,95,66,115,3266,2424,4026,
2020-07-15,,,0,0,1,19,18,20,6,4,8,95,66,115,3272,2428,4034,
2020-07-16,,,0,0,1,19,18,20,6,4,8,95,66,115,3278,2433,4041,
2020-07-17,,,0,0,1,19,18,20,6,4,8,94,66,114,3284,2437,4049,
2020-07-18,,,0,0,1,19,18,20,6,4,8,94,66,114,3290,2442,4056,
2020-07-19,,,0,0,1,19,18,20,6,4,8,94,66,114,3297,2446,4064,
2020-07-20,,,0,0,1,19,18,20,6,4,8,94,65,114,3303,2450,4071,
2020-07-21,,,0,0,1,19,18,20,6,4,8,93,65,114,3309,2455,4079,
2020-07-22,,,0,0,1,19,18,20,6,4,8,93,65,113,3315,2459,4086,
2020-07-23,,,0,0,1,19,18,20,6,4,8,93,65,113,3321,2463,4094,
2020-07-24,,,0,0,1,19,19,20,6,4,8,93,65,113,3327,2467,4101,
2020-07-25,,,0,0,1,19,19,20,6,4,8,92,65,113,3333,2472,4108,
2020-07-26,,,0,0,1,20,19,20,6,4,8,92,65,113,3339,2476,4116,
2020-07-27,,,0,0,1,20,19,20,6,4,8,92,65,112,3345,2480,4123,
2020-07-28,,,0,0,1,20,19,20,6,4,8,92,64,112,3351,2485,4131,
2020-07-29,,,0,0,1,20,19,20,6,4,8,91,64,112,3357,2489,4138,
2020-07-30,,,0,0,1,20,19,21,6,4,8,91,64,112,3363,2493,4145,
2020-07-31,,,0,0,1,20,19,21,6,4,8,91,64,111,3369,2497,4152,
2020-08-01,,,0,0,1,20,19,21,6,4,8,91,64,111,3375,2502,4160,
2020-08-02,,,0,0,1,20,19,21,6,4,8,91,64,111,3381,2506,4167,
2020-08-03,,,0,0,1,20,19,21,6,4,8,90,64,111,3387,2510,4174,
2020-08-04,,,0,0,1,20,19,21,6,4,8,90,64,111,3393,2514,4182,
2020-08-05,,,0,0,1,20,19,21,6,4,8,90,63,110,3399,2518,4189,
2020-08-06,,,0,0,1,20,19,21,6,4,8,90,63,110,3405,2523,4196,
2020-08-07,,,0,0,1,20,19,21,6,4,8,90,63,110,3411,2527,4203,
2020-08-08,,,0,0,1,20,19,21,6,4,8,90,63,110,3417,2531,4211,
2020-08-09,,,0,0,1,20,19,21,6,4,8,89,63,110,3423,2535,4218,
2020-08-10,,,0,0,1,20,19,21,6,4,8,89,63,110,3428,2539,4225,
2020-08-11,,,0,0,1,20,19,21,6,4,8,89,63,109,3434,2544,4232,
2020-08-12,,,0,0,1,20,19,21,6,4,8,89,63,109,3440,2548,4239,
2020-08-13,,,0,0,1,20,19,21,6,4,8,89,63,109,3446,2552,4246,
2020-08-14,,,0,0,1,20,19,21,6,4,8,89,63,109,3452,2556,4254,
2020-08-15,,,0,0,1,20,19,21,6,4,8,89,63,109,3458,2560,4261,
2020-08-16,,,0,0,1,20,19,21,6,4,8,89,63,109,3464,2565,4268,
2020-08-17,,,0,0,1,20,19,21,6,4,8,89,63,108,3470,2569,4275,
2020-08-18,,,0,0,1,20,19,21,6,4,8,89,63,108,3475,2573,4282,
2020-08-19,,,0,0,1,20,19,21,6,4,8,88,63,108,3481,2577,4289,
2020-08-20,,,0,0,1,20,19,21,6,4,8,88,63,108,3487,2581,4296,
2020-08-21,,,0,0,1,20,19,21,6,4,8,88,62,108,3493,2586,4303,
2020-08-22,,,0,0,1,20,19,21,6,4,8,88,62,108,3499,2590,4310,
2020-08-23,,,0,0,1,20,19,21,6,4,8,88,62,108,3505,2594,4318,
2020-08-24,,,0,0,1,20,19,21,6,4,8,88,62,107,3511,2598,4325,
2020-08-25,,,0,0,1,20,19,22,6,4,8,88,62,107,3516,2602,4332,
2020-08-26,,,0,0,1,21,19,22,6,4,8,88,62,107,3522,2607,4339,
2020-08-27,,,0,0,1,21,19,22,6,4,8,88,62,107,3528,2611,4346,
2020-08-28,,,0,0,1,21,19,22,6,4,8,88,62,107,3534,2615,4353,
2020-08-29,,,0,0,1,21,19,22,6,4,8,88,62,107,3540,2619,4360,
2020-08-30,,,0,0,1,21,19,22,6,4,8,88,62,107,3546,2623,4367,
2020-08-31,,,0,0,1,21,19,22,6,4,8,88,62,107,3552,2628,4374,
2020-09-01,,,0,0,1,21,19,22,6,4,8,88,62,107,3557,2632,4381,
2020-09-02,,,0,0,1,21,19,22,6,4,8,88,62,107,3563,2636,4388,
2020-09-03,,,0,0,1,21,19,22,6,4,8,88,62,107,3569,2640,4395,
2020-09-04,,,0,0,1,21,19,22,6,4,8,88,62,106,3575,2644,4402,
2020-09-05,,,0,0,1,21,19,22,6,4,8,88,62,106,3581,2649,4409,
2020-09-06,,,0,0,1,21,20,22,6,4,8,88,62,106,3587,2653,4416,
2020-09-07,,,0,0,1,21,20,22,6,4,8,88,62,106,3592,2657,4423,
2020-09-08,,,0,0,1,21,20,22,6,4,8,88,62,106,3598,2661,4431,
2020-09-09,,,0,0,1,21,20,22,6,4,8,88,62,106,3604,2665,4438,
2020-09-10,,,0,0,1,21,20,22,6,4,8,88,62,106,3610,2669,4445,
2020-09-11,,,0,0,1,21,20,22,6,4,8,88,62,106,3616,2674,4452,
2020-09-12,,,0,0,1,21,20,22,6,4,8,88,62,106,3622,2678,4459,
2020-09-13,,,0,0,1,21,20,22,6,4,8,88,62,106,3627,2682,4466,
2020-09-14,,,0,0,1,21,20,22,6,4,8,88,62,106,3633,2686,4473,
2020-09-15,,,0,0,1,21,20,22,6,4,8,88,62,106,3639,2690,4480,
2020-09-16,,,0,0,1,21,20,22,6,4,8,88,62,106,3645,2695,4487,
2020-09-17,,,0,0,1,21,20,22,6,4,8,88,62,106,3651,2699,4494,
2020-09-18,,,0,0,1,21,20,22,6,4,8,88,62,106,3657,2703,4501,
2020-09-19,,,0,0,1,21,20,22,6,4,8,88,62,106,3662,2707,4508,
2020-09-20,,,0,0,1,21,20,23,6,4,8,88,62,106,3668,2711,4515,
2020-09-21,,,0,0,1,21,20,23,6,4,8,88,62,106,3674,2716,4522,
2020-09-22,,,0,0,1,21,20,23,6,4,8,88,62,106,3680,2720,4529,
2020-09-23,,,0,0,1,21,20,23,6,4,8,88,62,106,3686,2724,4536,
2020-09-24,,,0,0,1,21,20,23,6,4,8,87,62,106,3692,2728,4543,
2020-09-25,,,0,0,1,21,20,23,6,4,8,87,62,106,3697,2732,4550,
2020-09-26,,,0,0,1,22,20,23,6,4,8,87,62,106,3703,2737,4557,
2020-09-27,,,0,0,1,22,20,23,6,4,8,87,62,106,3709,2741,4564,
2020-09-28,,,0,0,1,22,20,23,6,4,8,87,62,106,3715,2745,4571,
2020-09-29,,,0,0,1,22,20,23,6,4,8,87,62,106,3721,2749,4578,
2020-09-30,,,0,0,1,22,20,23,6,4,8,87,62,106,3727,2753,4586,
2020-10-01,,,0,0,1,22,20,23,6,4,8,87,62,106,3732,2758,4593,
