date,actual_deaths,total_deaths,predicted_deaths_mean,predicted_deaths_lower,predicted_deaths_upper,predicted_total_deaths_mean,predicted_total_deaths_lower,predicted_total_deaths_upper,predicted_new_infected_mean,predicted_new_infected_lower,predicted_new_infected_upper,predicted_current_infected_mean,predicted_current_infected_lower,predicted_current_infected_upper,predicted_total_infected_mean,predicted_total_infected_lower,predicted_total_infected_upper
2020-02-22,,,,,,,,,601,250,750,601,250,750,601,250,750
2020-02-23,,,,,,,,,601,250,750,1202,500,1500,1202,500,1500
2020-02-24,,,,,,,,,601,250,750,1803,750,2250,1803,750,2250
2020-02-25,,,,,,,,,601,250,750,2404,1000,3000,2404,1000,3000
2020-02-26,,,,,,,,,601,250,750,3006,1250,3750,3006,1250,3750
2020-02-27,,,,,,,,,601,250,750,3607,1500,4500,3607,1500,4500
2020-02-28,,,,,,,,,601,250,750,4208,1750,5250,4208,1750,5250
2020-02-29,,,,,,,,,601,250,750,4809,2000,6000,4809,2000,6000
2020-03-01,,,,,,,,,601,250,750,5410,2250,6750,5410,2250,6750
2020-03-02,,,,,,,,,1557,746,1950,6967,2996,8700,6967,2996,8700
2020-03-03,,,,,,,,,1551,744,1944,8519,3740,10644,8519,3740,10644
2020-03-04,,,,,,,,,1622,790,2033,10141,4531,12676,10141,4531,12676
2020-03-05,,,,,,,,,1769,884,2218,11911,5416,14894,11911,5416,14894
2020-03-06,,,,,,,,,2075,1081,2601,13985,6497,17494,13985,6497,17494
2020-03-07,,,,,,,,,2549,1386,3197,16534,7884,20691,16534,7884,20691
2020-03-08,,,,,,,,,2914,1629,3659,18847,9263,23599,19448,9513,24349
2020-03-09,,,,,,,,,3224,1849,4052,21470,10862,26901,22673,11362,28401
2020-03-10,,,,,,,,,3585,2118,4510,24454,12731,30660,26257,13481,32910
2020-03-11,,,,,,,,,4011,2448,5055,27864,14929,34965,30268,15929,37965
2020-03-12,,,,,,,,,4541,2862,5736,31804,17542,39951,34809,18792,43701
2020-03-13,,,,,,,,,5092,3244,6453,36294,20536,45653,39901,22036,50153
2020-03-14,,,,,,,,,5645,3531,7184,41338,23818,52087,45545,25568,57337
2020-03-15,,,,,,,,,6224,3825,7970,46961,27394,59306,51770,29394,65306
2020-03-16,,,,,,,,,6848,4136,8830,53208,31281,67385,58618,33531,74135
2020-03-17,1,1,,,,,,,7525,4628,9785,59175,35163,75220,66143,38160,83920
2020-03-18,0,1,,,,,,,8224,5038,10806,65848,39457,84082,74367,43198,94725
2020-03-19,2,3,,,,,,,8918,5444,11810,73144,44111,93859,83285,48643,106534
2020-03-20,1,4,,,,,,,9590,5888,12682,80964,49115,104322,92875,54532,119215
2020-03-21,5,9,,,,,,,10226,6358,13611,89115,54392,115332,103100,60890,132826
2020-03-22,21,30,,,,,,,10810,6853,14502,97376,59859,126637,113910,67743,147327
2020-03-23,7,37,,,,,,,11316,7358,15129,105778,65588,138107,125226,75102,162456
2020-03-24,7,44,,,,,,,11722,7867,15646,114276,71607,149701,136948,82969,178101
2020-03-25,15,59,,,,,,,12017,8366,15741,122708,77855,160932,148966,91336,193842
2020-03-26,16,75,,,,,,,12199,8640,15690,130897,84047,171567,161165,99977,209531
2020-03-27,17,92,,,,,,,12271,8820,15616,138627,90005,181446,173437,108797,225147
2020-03-28,16,108,,,,,,,12240,8909,15640,145776,95670,190634,185676,117706,240787
2020-03-29,23,131,,,,,,,12114,8935,15607,152244,101073,199057,197790,126641,256393
2020-03-30,37,168,,,,,,,11905,8860,15390,157926,106108,206478,209695,135502,271783
2020-03-31,46,214,,,,,,,11631,8658,15189,162708,110629,212837,221326,144161,286971
2020-04-01,63,277,,,,,,,11307,8395,14786,166490,114396,217838,232633,152557,301757
2020-04-02,79,356,,,,,,,10950,8217,14304,169216,117576,221335,243583,160774,316060
2020-04-03,69,425,,,,,,,10571,7948,13660,170869,120079,223186,254154,168722,329720
2020-04-04,76,501,,,,,,,10180,7703,13209,171460,121894,223714,264334,176426,342929
2020-04-05,73,574,,,,,,,9785,7560,12755,171019,123096,222858,274120,183987,355683
2020-04-06,75,649,,,,,,,9392,7213,12303,169602,123456,220659,283512,191200,367985
2020-04-07,76,725,,,,,,,9005,6805,11707,167290,122903,217237,292516,198005,379692
2020-04-08,87,812,,,,,,,8627,6412,11303,164195,121448,212894,301143,204417,390995
2020-04-09,96,908,,,,,,,8260,6120,10919,160438,119202,208072,309404,210538,401914
2020-04-10,98,1006,,,,,,,7907,5813,10575,156145,116375,202957,317311,216352,412488
2020-04-11,95,1101,,,,,,,7568,5471,10299,151442,113026,197641,324878,221824,422787
2020-04-12,97,1198,,,,,,,7243,5147,10021,146445,109265,192021,332122,226972,432807
2020-04-13,98,1296,,,,,,,6933,4872,9657,141265,105202,186071,339055,231844,442464
2020-04-14,107,1403,,,,,,,6638,4614,9435,135997,100956,180116,345693,236458,451898
2020-04-15,115,1518,,,,,,,6357,4350,9174,130724,96647,174101,352050,240808,461072
2020-04-16,125,1643,,,,,,,6090,4128,8961,125507,92380,168276,358140,244937,470032
2020-04-17,126,1769,,,,,,,5837,3862,8719,120394,88025,162692,363977,248799,478751
2020-04-18,121,1890,,,,,,,5597,3616,8529,115419,83693,157561,369573,252416,487280
2020-04-19,127,2017,,,,,,,5369,3413,8386,110608,79403,152737,374942,255830,495666
2020-04-20,123,2140,,,,,,,5153,3222,8245,105975,75065,148227,380095,259052,503910
2020-04-21,119,2259,,,,,,,4948,3045,8093,101531,70897,144017,385043,262098,512002
2020-04-22,117,2376,,,,,,,4754,2883,7946,97281,66975,140256,389797,264981,519948
2020-04-23,115,2491,,,,,,,4570,2734,7800,93224,63297,136753,394367,267715,527747
2020-04-24,109,2600,,,,,,,4395,2570,7625,89359,59747,133458,398762,270285,535372
2020-04-25,106,2706,,,,,,,4229,2419,7423,85681,56352,130306,402991,272705,542794
2020-04-26,99,2805,,,,,,,4072,2279,7318,82185,53160,127324,407063,274984,550111
2020-04-27,95,2900,,,,,,,3922,2153,7132,78864,50166,124436,410985,277138,557242
2020-04-28,92,2992,,,,,,,3780,2032,7004,75710,47326,121782,414765,279171,564245
2020-04-29,89,3081,,,,,,,3645,1942,6926,72717,44655,119273,418409,281114,571171
2020-04-30,93,3174,,,,,,,3516,1843,6781,69876,42149,116880,421925,282957,577951
2020-05-01,84,3258,,,,,,,3394,1721,6682,67180,39742,114601,425319,284679,584632
2020-05-02,78,3336,,,,,,,3278,1642,6541,64620,37522,112422,428597,286322,591173
2020-05-03,61,3397,,,,,,,3167,1550,6420,62190,35457,110313,431764,287873,597592
2020-05-04,64,3461,,,,,,,3061,1474,6280,59883,33517,108207,434825,289347,603872
2020-05-05,59,3520,,,,,,,2960,1402,6141,57690,31697,106103,437785,290749,610012
2020-05-06,64,3584,,,,,,,2864,1335,6009,55606,29986,104019,440649,292085,616021
2020-05-07,57,3641,,,,,,,2772,1273,5910,53624,28377,101983,443421,293358,621930
2020-05-08,48,3689,,,,,,,2684,1215,5810,51738,26859,99993,446105,294574,627740
2020-05-09,50,3739,,,,,,,2600,1157,5738,49943,25445,98107,448705,295731,633478
2020-05-10,47,3786,,,,,,,2520,1101,5676,48234,24127,96360,451225,296833,639153
2020-05-11,55,3841,,,,,,,2443,1047,5594,46604,22895,94636,453668,297880,644747
2020-05-12,53,3894,,,,,,,2369,999,5500,45051,21742,93004,456036,298880,650246
2020-05-13,58,3952,,,,,,,2298,958,5410,43570,20667,91410,458334,299838,655655
2020-05-14,,,52,31,87,4004,3983,4039,2230,920,5320,42155,19644,89804,460564,300758,660974
2020-05-15,,,49,29,85,4053,4013,4123,2165,884,5232,40804,18685,88255,462730,301643,666206
2020-05-16,,,47,27,82,4101,4041,4205,2103,850,5149,39513,17813,86722,464832,302493,671354
2020-05-17,,,45,26,80,4146,4067,4284,2043,818,5070,38279,16989,85252,466876,303312,676424
2020-05-18,,,43,24,78,4189,4091,4362,1986,788,4994,37098,16227,83825,468861,304100,681417
2020-05-19,,,41,22,76,4231,4114,4437,1931,757,4921,35968,15510,82466,470792,304858,686337
2020-05-20,,,40,21,74,4270,4135,4510,1879,726,4846,34886,14835,81171,472671,305584,691183
2020-05-21,,,38,20,72,4308,4156,4582,1828,696,4792,33850,14195,79954,474499,306280,695974
2020-05-22,,,36,19,71,4345,4175,4652,1780,670,4742,32859,13592,78786,476280,306951,700716
2020-05-23,,,35,17,69,4379,4193,4720,1735,641,4686,31909,13018,77662,478015,307593,705401
2020-05-24,,,33,16,67,4413,4210,4787,1691,620,4631,31001,12481,76555,479706,308213,710032
2020-05-25,,,32,15,65,4445,4225,4852,1650,594,4573,30131,11975,75452,481356,308808,714604
2020-05-26,,,31,14,64,4476,4240,4915,1611,569,4528,29299,11496,74386,482967,309377,719132
2020-05-27,,,30,14,62,4505,4254,4977,1574,549,4487,28504,11046,73373,484540,309927,723618
2020-05-28,,,29,13,61,4534,4268,5037,1538,530,4434,27744,10619,72397,486079,310457,728051
2020-05-29,,,28,12,60,4562,4281,5096,1505,508,4407,27019,10207,71485,487584,310966,732458
2020-05-30,,,27,12,59,4589,4293,5154,1474,488,4369,26328,9811,70621,489057,311454,736827
2020-05-31,,,26,11,58,4615,4304,5211,1444,474,4340,25669,9435,69812,490501,311929,741166
2020-06-01,,,25,11,57,4640,4316,5268,1415,458,4271,25041,9075,69013,491916,312387,745437
2020-06-02,,,24,10,56,4664,4326,5323,1388,438,4212,24443,8724,68232,493305,312825,749648
2020-06-03,,,24,10,55,4688,4336,5378,1363,422,4146,23875,8389,67458,494668,313248,753794
2020-06-04,,,23,9,55,4711,4346,5432,1338,406,4077,23335,8070,66688,496006,313654,757870
2020-06-05,,,22,9,54,4733,4355,5486,1314,392,4079,22821,7766,65975,497320,314047,761948
2020-06-06,,,22,8,53,4755,4364,5538,1291,378,4033,22331,7475,65266,498611,314426,765981
2020-06-07,,,21,8,52,4776,4372,5589,1269,365,3968,21866,7198,64547,499880,314792,769948
2020-06-08,,,20,8,51,4796,4380,5640,1247,348,3947,21421,6926,63862,501127,315140,773894
2020-06-09,,,20,7,50,4816,4388,5690,1226,331,3934,20997,6663,63224,502353,315471,777828
2020-06-10,,,19,7,50,4836,4396,5739,1204,318,3916,20591,6412,62612,503558,315790,781743
2020-06-11,,,19,7,49,4854,4403,5788,1184,306,3912,20201,6169,62037,504741,316096,785654
2020-06-12,,,18,6,48,4873,4410,5836,1163,294,3894,19825,5933,61496,505904,316390,789547
2020-06-13,,,18,6,48,4890,4417,5883,1142,281,3854,19462,5706,60943,507046,316672,793401
2020-06-14,,,17,6,47,4908,4423,5930,1121,267,3848,19110,5485,60422,508167,316940,797248
2020-06-15,,,17,6,47,4925,4430,5976,1101,254,3852,18767,5265,59934,509268,317194,801099
2020-06-16,,,17,5,46,4941,4436,6022,1080,240,3864,18432,5047,59527,510348,317434,804963
2020-06-17,,,16,5,46,4957,4441,6068,1063,226,3881,18107,4835,59195,511411,317661,808843
2020-06-18,,,16,5,45,4973,4447,6113,1042,213,3880,17786,4626,58929,512453,317874,812722
2020-06-19,,,15,5,45,4989,4452,6157,1020,199,3866,17468,4419,58718,513473,318074,816588
2020-06-20,,,15,5,45,5004,4457,6201,999,186,3855,17152,4212,58494,514472,318260,820442
2020-06-21,,,15,4,44,5018,4462,6245,978,173,3876,16839,4007,58337,515450,318434,824318
2020-06-22,,,14,4,44,5033,4467,6288,957,160,3887,16527,3803,58257,516408,318595,828204
2020-06-23,,,14,4,43,5047,4471,6331,936,147,3893,16216,3602,58203,517343,318743,832097
2020-06-24,,,14,4,43,5061,4476,6373,914,134,3897,15904,3406,58165,518257,318878,835993
2020-06-25,,,14,4,42,5074,4480,6414,892,121,3898,15591,3209,58148,519148,318999,839890
2020-06-26,,,13,4,41,5088,4484,6455,874,113,3909,15282,3016,58145,520023,319112,843799
2020-06-27,,,13,3,41,5101,4488,6496,857,104,3905,14976,2826,58156,520880,319217,847703
2020-06-28,,,13,3,41,5114,4492,6536,839,96,3900,14673,2640,58202,521719,319313,851602
2020-06-29,,,13,3,40,5127,4495,6576,822,88,3897,14374,2461,58251,522541,319401,855498
2020-06-30,,,12,3,40,5139,4499,6615,805,80,3894,14078,2287,58293,523346,319482,859392
2020-07-01,,,12,3,40,5151,4502,6655,789,74,3891,13787,2122,58320,524135,319556,863283
2020-07-02,,,12,3,40,5163,4505,6694,773,68,3888,13497,1964,58328,524908,319625,867170
2020-07-03,,,12,3,40,5175,4508,6733,758,63,3883,13213,1814,58331,525666,319688,871053
2020-07-04,,,12,2,39,5187,4511,6772,744,57,3877,12937,1672,58342,526410,319746,874929
2020-07-05,,,11,2,39,5198,4514,6811,730,53,3864,12667,1539,58352,527140,319799,878793
2020-07-06,,,11,2,39,5209,4517,6849,716,49,3852,12405,1415,58328,527856,319849,882645
2020-07-07,,,11,2,39,5220,4519,6888,703,45,3839,12151,1299,58280,528558,319894,886483
2020-07-08,,,11,2,39,5231,4522,6926,690,41,3832,11905,1193,58218,529248,319936,890315
2020-07-09,,,11,2,39,5242,4524,6965,677,38,3818,11668,1097,58140,529925,319975,894132
2020-07-10,,,10,2,39,5252,4526,7004,665,35,3808,11442,1011,58050,530591,320011,897940
2020-07-11,,,10,1,39,5262,4528,7042,654,33,3798,11222,932,57940,531245,320045,901738
2020-07-12,,,10,1,39,5272,4530,7081,643,31,3788,11007,859,57823,531887,320076,905526
2020-07-13,,,10,1,39,5282,4532,7120,632,29,3782,10800,792,57705,532519,320105,909307
2020-07-14,,,10,1,39,5291,4533,7158,621,27,3775,10599,731,57583,533140,320133,913081
2020-07-15,,,9,1,39,5301,4535,7197,611,25,3768,10405,676,57458,533751,320158,916849
2020-07-16,,,9,1,39,5310,4536,7236,601,23,3762,10217,625,57328,534352,320182,920610
2020-07-17,,,9,1,39,5319,4537,7275,592,22,3755,10036,579,57195,534944,320205,924365
2020-07-18,,,9,1,40,5328,4538,7314,582,20,3748,9859,537,57060,535526,320226,928112
2020-07-19,,,9,1,40,5336,4540,7353,573,19,3741,9689,499,56924,536099,320245,931853
2020-07-20,,,8,0,39,5345,4540,7392,565,18,3731,9524,464,56791,536664,320264,935584
2020-07-21,,,8,0,39,5353,4541,7431,556,17,3723,9365,431,56662,537220,320281,939306
2020-07-22,,,8,0,39,5361,4542,7470,548,15,3716,9210,402,56539,537768,320297,943022
2020-07-23,,,8,0,39,5369,4543,7509,540,14,3709,9060,375,56416,538309,320311,946730
2020-07-24,,,8,0,39,5376,4544,7548,533,13,3702,8916,350,56299,538841,320325,950431
2020-07-25,,,8,0,39,5384,4544,7587,525,12,3685,8775,327,56176,539366,320338,954116
2020-07-26,,,7,0,39,5391,4545,7625,518,12,3672,8639,305,56050,539884,320350,957787
2020-07-27,,,7,0,39,5399,4545,7664,511,11,3664,8508,285,55926,540395,320361,961451
2020-07-28,,,7,0,39,5406,4546,7702,504,10,3658,8380,266,55802,540899,320372,965108
2020-07-29,,,7,0,39,5413,4546,7741,497,9,3651,8256,248,55678,541396,320381,968759
2020-07-30,,,7,0,39,5420,4547,7779,491,8,3644,8136,231,55553,541887,320390,972402
2020-07-31,,,7,0,39,5427,4547,7817,484,8,3636,8019,216,55428,542371,320398,976038
2020-08-01,,,7,0,39,5433,4548,7855,478,7,3627,7906,201,55300,542849,320406,979664
2020-08-02,,,7,0,38,5440,4548,7893,472,6,3617,7796,186,55169,543322,320413,983281
2020-08-03,,,6,0,38,5446,4548,7931,467,6,3610,7689,173,55038,543788,320419,986890
2020-08-04,,,6,0,38,5452,4548,7969,461,5,3595,7585,161,54902,544249,320425,990485
